"last_reported","station_id","is_installed","is_returning","is_renting","dock_available","mechanical_available","electric_available"
1657854086,213688169,1,1,1,26,5,3
1657853870,653222953,1,1,1,5,1,22
1657853719,516709288,1,1,1,10,5,4
1657854007,36255,1,1,1,21,0,0
1657853888,37815204,1,1,1,8,14,7
1657854023,100769544,1,1,1,36,9,0
1657853970,85002689,1,1,1,0,28,28
1657853993,123095125,1,1,1,45,8,2
1657853730,120827885,1,1,1,12,0,0
1657853986,251039991,1,1,1,11,5,9
1657853991,37874517,1,1,1,18,1,1
1657853944,66491398,1,1,1,30,14,3
1657853748,210403080,1,1,1,11,9,2
1657853804,210561800,1,1,1,2,12,1
1657853793,209063434,1,1,1,21,2,7
1657853954,94555589,1,1,1,8,7,12
1657854075,244498842,1,1,1,13,21,13
1657854061,43195240,1,1,1,8,10,7
1657853854,210405211,1,1,1,17,1,1
1657854041,501862076,1,1,1,12,2,6
1657853985,54000559,1,1,1,27,9,3
1657853671,207633746,1,1,1,49,0,1
1657853823,85043758,1,1,1,29,6,1
1657854087,210566542,1,1,1,41,15,4
1657853927,437597018,1,1,1,27,0,1
1657854002,210565680,1,1,1,12,18,3
1657853599,210397939,1,1,1,15,1,1
1657853845,82405965,1,1,1,6,24,12
1657854012,213682736,1,1,1,35,8,7
1657854073,80101533,1,1,1,31,3,0
1657854026,54000581,1,1,1,20,12,2
1657853853,13105968,1,1,1,12,2,6
1657853662,653208733,1,1,1,28,0,10
1657853979,27415224,1,1,1,31,0,1
1657853878,907054879,1,1,1,12,3,5
1657854074,129094535,1,1,1,24,15,1
1657853830,54000612,1,1,1,36,0,4
1657853806,128986726,1,1,1,33,0,0
1657854036,599135701,1,1,1,42,1,1
1657854070,102747146,1,1,1,6,13,7
1657854042,2515403527,1,1,1,21,8,1
1657853787,653132534,1,1,1,10,5,10
1657853644,506455295,1,1,1,12,3,1
1657853975,1057149522,1,1,1,4,9,9
1657854002,210567545,1,1,1,17,1,0
1657854014,2515085147,1,1,1,6,8,7
1657854017,653197324,1,1,1,7,7,9
1657853843,210408693,1,1,1,21,3,1
1657853818,42950839,1,1,1,7,9,2
1657854042,14813797734,1,1,1,8,5,14
1657853764,88230992,1,1,1,23,5,1
1657854087,499303158,1,1,1,2,17,10
1657854005,27415302,1,1,1,16,6,4
1657853821,27414512,1,1,1,34,3,3
1657853646,210580039,1,1,1,17,0,0
1657853562,49474389,1,1,1,23,0,0
1657853948,128940135,1,1,1,20,0,0
1657853836,35149611,1,1,1,2,10,2
1657854058,1057296253,1,1,1,6,48,5
1657853529,210570888,1,1,1,20,0,0
1657853958,129107656,1,1,1,22,0,2
1657853994,1057228658,1,1,1,4,8,10
1657854015,230873471,1,1,1,10,8,3
1657853790,507934805,1,1,1,11,11,2
1657853963,205047993,1,1,1,41,4,1
1657854045,39799329,1,1,1,30,1,3
1657853898,129164969,1,1,1,8,25,16
1657853660,128989986,1,1,1,25,0,2
1657853877,129004826,1,1,1,12,3,2
1657853775,518825709,1,1,1,20,0,1
1657853989,128930462,1,1,1,27,0,0
1657853993,911767210,1,1,1,22,0,0
1657853931,54000565,1,1,1,18,3,4
1657854029,210586093,1,1,1,18,3,2
1657853834,7254,1,1,1,24,0,0
1657853932,369644630,1,1,1,27,3,2
1657854068,214114469,1,1,1,1,23,6
1657853965,128887067,1,1,1,18,0,0
1657854069,55927887,1,1,1,16,15,2
1657853802,210574471,1,1,1,9,1,4
1657854057,72765603,1,1,1,14,4,2
1657853970,210582921,1,1,1,10,3,1
1657853876,43255030,1,1,1,48,0,0
1657853911,129025451,1,1,1,26,1,0
1657854020,128920403,1,1,1,26,0,1
1657854032,323616530,1,1,1,11,2,0
1657853791,208795867,1,1,1,0,13,4
1657854023,1062192012,1,1,1,0,4,28
1657853786,6296,1,1,1,17,0,0
1657853892,521393180,1,1,1,3,11,7
1657854001,576188379,1,1,1,4,14,5
1657854003,128915891,1,1,1,31,1,1
1657853955,82567101,1,1,1,16,0,5
1652812373,102290754,1,0,0,24,0,0
1657854014,457813746,1,1,1,3,4,9
1657853996,128882438,1,1,1,37,3,0
1657853575,50191171,1,1,1,20,0,2
1657853876,129014600,1,1,1,28,0,3
1657853700,3906153622,1,1,1,2,2,12
1657854070,129087587,1,1,1,35,1,4
1657853669,213693511,1,1,1,17,0,3
1657853860,82379648,1,1,1,30,0,1
1657853904,66491397,1,1,1,49,5,4
1657853882,907081682,1,1,1,0,0,0
1657854079,230877798,1,1,1,30,1,2
1657854055,2515995748,1,1,1,19,0,3
1657854076,27363162,1,1,1,11,11,0
1657854016,129021753,1,1,1,14,2,1
1657853672,210740080,1,1,1,45,2,0
1657854041,54000569,1,1,1,25,12,1
1657854049,80216231,1,1,1,37,1,1
1657854049,336511521,1,1,1,13,0,4
1657854060,129043651,1,1,1,12,10,1
1657854088,82562556,1,1,1,20,23,5
1657853917,129048000,1,1,1,16,14,16
1657853918,1062250686,1,1,1,23,3,9
1657853852,261987383,1,1,1,18,1,7
1657853771,813544903,1,1,1,13,12,5
1657854086,126050442,1,1,1,13,7,3
1657853995,27363489,1,1,1,8,11,8
1657853779,39296638,1,1,1,34,0,0
1657854016,205938683,1,1,1,38,8,5
1657853851,210399835,1,1,1,38,0,1
1657853961,1057324291,1,1,1,41,5,12
1657854064,102324803,1,1,1,10,25,5
1657853907,101763163,1,1,1,9,2,1
1657854032,653133605,1,1,1,1,37,2
1657853801,3906094706,1,1,1,23,5,3
1657854011,27414578,1,1,1,14,2,0
1657854012,508042092,1,1,1,6,19,8
1657853651,42603855,1,1,1,14,1,1
1657854062,818302209,1,1,1,44,2,2
1657853978,13718041,1,1,1,8,12,3
1657854011,265464297,1,1,1,45,1,3
1657854044,1057392676,1,1,1,4,17,12
1657853991,102309973,1,1,1,40,2,0
1657854032,532054446,1,1,1,44,13,1
1657853553,129034587,1,1,1,11,3,2
1657853876,314829539,1,1,1,18,9,22
1657853902,586539770,1,1,1,10,3,9
1657853947,3906335682,1,1,1,1,18,6
1657853920,583539396,1,1,1,4,7,15
1657853737,101753100,1,1,1,12,2,2
1657854065,27415466,1,1,1,17,0,5
1657853630,52393,1,1,1,47,1,1
1657854086,81081358,1,1,1,6,11,22
1657853850,66491385,1,1,1,1,20,4
1657853904,209057581,1,1,1,3,6,8
1657854074,66491389,1,1,1,55,0,1
1657853645,210749865,1,1,1,18,0,0
1657854008,535500589,1,1,1,34,28,2
1657854087,597245295,1,1,1,10,10,14
1657853825,213684314,1,1,1,23,1,1
1657853825,235513935,1,1,1,25,0,2
1657854017,27206194,1,1,1,16,2,1
1657853883,102323152,1,1,1,12,5,2
1657854064,129060764,1,1,1,7,20,0
1657854065,828134511,1,1,1,21,5,6
1657853989,586649404,1,1,1,14,7,3
1657854054,596813170,1,1,1,6,0,9
1657854018,596872103,1,1,1,10,6,14
1657854013,271426439,1,1,1,5,8,3
1657853722,27363187,1,1,1,35,3,6
1657853998,76199461,1,1,1,28,0,4
1657854074,230952057,1,1,1,1,25,6
1657854000,37815993,1,1,1,11,23,1
1657853704,88140066,1,1,1,64,0,1
1657854057,213683101,1,1,1,6,5,7
1657853867,213684750,1,1,1,31,0,3
1657854029,129067920,1,1,1,17,6,15
1657853847,2515049357,1,1,1,17,5,2
1657853612,27364743,1,1,1,20,1,0
1657854008,102314792,1,1,1,27,1,4
1657853994,35447568,1,1,1,13,4,6
1657853985,129038848,1,1,1,11,3,2
1657854029,27415736,1,1,1,14,12,3
1657853683,583178525,1,1,1,7,1,12
1657853559,2514995690,1,1,1,29,0,1
1657853489,82387816,1,1,1,32,0,0
1657854047,213685090,1,1,1,1,22,5
1657854079,301841024,1,1,1,2,12,15
1657854086,66491402,1,1,1,19,6,7
1657853657,213679512,1,1,1,3,6,15
1657853776,588452142,1,1,1,16,0,7
1657854082,85147829,1,1,1,9,12,3
1657853927,213681356,1,1,1,1,10,10
1657854063,2515351285,1,1,1,1,21,3
1657854019,213685514,1,1,1,7,15,2
1657854058,102329800,1,1,1,1,14,12
1657853655,54000625,1,1,1,31,0,2
1657854006,572566600,1,1,1,8,10,11
1657854051,213911772,1,1,1,52,1,4
1657854061,129132870,1,1,1,3,13,7
1657854009,620403530,1,1,1,0,10,10
1657854022,66491378,1,1,1,28,17,5
1657854063,631773910,1,1,1,0,22,4
1657853773,1765749389,1,1,1,5,5,6
1657853779,611152693,1,1,1,11,4,13
1657853998,235241110,1,1,1,32,18,10
1657854065,613737748,1,1,1,2,11,18
1657854020,41498023,1,1,1,15,7,0
1657854012,1062671597,1,1,1,15,1,6
1657853936,213945171,1,1,1,4,0,18
1657854075,463297497,1,1,1,16,0,4
1657854073,213875650,1,1,1,5,13,6
1657854045,245187072,1,1,1,19,1,0
1657853967,129144878,1,1,1,7,13,7
1657854031,27415665,1,1,1,9,13,18
1657853515,593238093,1,1,1,24,0,0
1657853974,102331767,1,1,1,20,5,7
1657854053,37791,1,1,1,24,7,1
1657853980,50156117,1,1,1,6,9,8
1657854051,15462236,1,1,1,32,0,0
1657853775,129093478,1,1,1,16,9,3
1657853546,35908,1,1,1,18,1,0
1657854017,210744286,1,1,1,19,18,7
1657853766,101024234,1,1,1,14,33,8
1657853758,213992316,1,1,1,44,1,5
1657853945,213694482,1,1,1,19,1,0
1657853962,129011497,1,1,1,18,5,1
1657853969,101743895,1,1,1,57,5,2
1657853844,213691848,1,1,1,36,1,5
1657853752,210396518,1,1,1,12,2,2
1657853756,97677210,1,1,1,42,3,3
1657853983,39254792,1,1,1,17,28,5
1657854023,213683992,1,1,1,12,31,7
1657853839,54000601,1,1,1,1,7,10
1657853947,27362896,1,1,1,14,5,7
1657854058,213687140,1,1,1,10,16,7
1657854066,235599121,1,1,1,0,13,9
1657853758,213680917,1,1,1,18,3,4
1657853968,1057774603,1,1,1,25,3,3
1657853737,213688462,1,1,1,38,0,0
1657853788,102749572,1,1,1,47,2,2
1657854088,549876068,1,1,1,37,4,5
1657854044,390212609,1,1,1,4,25,1
1657854068,63498079,1,1,1,20,2,3
1657853925,102338493,1,1,1,7,5,16
1657853997,875078767,1,1,1,9,1,9
1657854083,210573120,1,1,1,29,1,3
1657853903,1558958733,1,1,1,18,3,6
1657853670,2515802454,1,1,1,21,3,2
1657853963,648227675,1,1,1,24,7,9
1657853987,42566291,1,1,1,33,1,0
1657853834,1062206433,1,1,1,7,3,10
1657854018,129032910,1,1,1,44,9,0
1657853526,647826568,1,1,1,25,3,3
1657854086,54000577,1,1,1,13,11,2
1657853980,54001024,1,1,1,36,5,9
1657853963,94250567,1,1,1,2,42,8
1657853836,129078200,1,1,1,12,16,1
1657853944,649888071,1,1,1,1,15,3
1657853561,82563707,1,1,1,16,10,6
1657853917,129143598,1,1,1,23,3,0
1657854044,213690847,1,1,1,27,7,2
1657854061,102333275,1,1,1,0,18,14
1657854084,640629438,1,1,1,0,7,15
1657854042,82328045,1,1,1,17,2,0
1657854077,27363362,1,1,1,17,1,1
1657853506,237624030,1,1,1,34,2,0
1657854067,213957917,1,1,1,8,8,11
1657853785,54000626,1,1,1,7,9,5
1657853818,6399,1,1,1,21,5,6
1657853826,210746090,1,1,1,43,3,3
1657854028,27414841,1,1,1,27,0,0
1657853822,82253759,1,1,1,27,0,0
1657853856,82457375,1,1,1,10,18,2
1657853813,54000609,1,1,1,30,2,1
1515739220,27415512,1,0,0,35,0,0
1657853900,49859500,1,1,1,2,15,0
1657854049,214139374,1,1,1,1,12,15
1657853535,213702608,1,1,1,13,2,3
1657854053,559507144,1,1,1,8,9,8
1657854027,213700358,1,1,1,11,1,8
1657854046,653063170,1,1,1,18,9,10
1657853885,3906215030,1,1,1,28,7,3
1657853804,129151834,1,1,1,22,5,13
1657854016,237041013,1,1,1,19,0,0
1657853820,54000553,1,1,1,35,0,0
1657853945,653200142,1,1,1,32,4,0
1657853634,650091839,1,1,1,0,18,6
1657853954,362869414,1,1,1,6,14,5
1657853556,55664548,1,1,1,30,0,0
1657853962,100859941,1,1,1,51,0,1
1657854016,49368561,1,1,1,46,9,3
1657854003,42743053,1,1,1,24,8,3
1657854085,213699913,1,1,1,13,0,9
1657853807,101740379,1,1,1,26,15,1
1657854063,4329844165,1,1,1,24,2,6
1657854061,213694069,1,1,1,9,5,11
1655990886,214134714,1,0,0,26,0,0
1657853918,468843711,1,1,1,20,3,0
1657853840,378626842,1,1,1,40,5,4
1657853973,27414945,1,1,1,10,5,1
1657853951,210090269,1,1,1,31,22,4
1657853731,376664868,1,1,1,16,5,8
1657853992,2515927759,1,1,1,2,7,18
1657854009,205955605,1,1,1,32,2,0
1657853818,933214552,1,1,1,1,18,5
1657854013,66491370,1,1,1,25,0,2
1657854028,353462947,1,1,1,10,10,9
1657854037,1559700274,1,1,1,3,11,6
1657853768,39217683,1,1,1,16,7,5
1657853903,213688824,1,1,1,19,12,1
1657854036,82337423,1,1,1,44,2,1
1657853939,66491404,1,1,1,8,11,1
1657853657,652120758,1,1,1,52,4,3
1657854072,66491393,1,1,1,41,3,2
1657853889,1062223873,1,1,1,18,3,1
1657853790,49085250,1,1,1,5,8,4
1657853813,376526598,1,1,1,41,1,5
1657853944,27071684,1,1,1,21,10,2
1657854016,2515907297,1,1,1,17,1,0
1657853935,66491401,1,1,1,36,15,5
1657853948,341388492,1,1,1,39,3,2
1657854087,985828965,1,1,1,0,34,5
1657853861,338762459,1,1,1,17,6,6
1657853928,323486248,1,1,1,5,8,2
1657854013,66491392,1,1,1,33,5,5
1657853974,478952881,1,1,1,9,5,9
1657853836,501318622,1,1,1,5,11,7
1657853984,38263504,1,1,1,4,11,9
1657854000,470807791,1,1,1,23,5,4
1657853644,82445192,1,1,1,27,7,4
1657854074,2515658032,1,1,1,12,2,4
1657853884,568135465,1,1,1,31,2,6
1657840010,570185777,1,0,0,35,0,0
1657853722,214102967,1,1,1,25,6,12
1657854023,54000597,1,1,1,14,8,0
1657853941,82417874,1,1,1,27,19,9
1657853983,102319838,1,1,1,11,3,0
1657854066,652192395,1,1,1,60,3,2
1657853850,571923059,1,1,1,39,2,6
1657854060,66491405,1,1,1,8,9,8
1657853850,54000635,1,1,1,18,5,9
1657854032,54000544,1,1,1,16,23,0
1657853651,1062179194,1,1,1,17,4,4
1657853859,1063017616,1,1,1,15,2,5
1657854030,378648513,1,1,1,6,10,17
1657854059,27278603,1,1,1,15,3,6
1657853861,13497763,1,1,1,16,5,2
1657853671,653042442,1,1,1,17,17,6
1657853995,49807107,1,1,1,8,10,0
1657854013,82450803,1,1,1,55,1,1
1657854075,210747224,1,1,1,33,14,0
1657853678,210568512,1,1,1,56,2,2
1657853807,213691542,1,1,1,50,0,1
1657854079,357409723,1,1,1,13,13,4
1657853893,2515855808,1,1,1,29,3,2
1657854013,384370499,1,1,1,9,12,4
1657853680,49403716,1,1,1,25,0,0
1657854048,54000571,1,1,1,3,37,12
1657854002,473204291,1,1,1,32,1,1
1657854016,27363103,1,1,1,27,4,1
1657853845,85145704,1,1,1,9,4,13
1657853637,653044270,1,1,1,4,9,3
1657853990,26958435,1,1,1,20,1,4
1657854042,6385,1,1,1,13,3,6
1657853948,213857398,1,1,1,2,2,10
1657853913,82550925,1,1,1,22,6,6
1657853883,27363096,1,1,1,2,27,3
1657854025,85165045,1,1,1,2,17,4
1657853625,129119449,1,1,1,3,3,13
1657854032,475524450,1,1,1,22,0,1
1657854000,653048150,1,1,1,33,6,1
1657854065,244400797,1,1,1,9,3,7
1657853991,213922790,1,1,1,37,6,7
1657853869,129001431,1,1,1,28,1,2
1657854048,210753033,1,1,1,6,4,3
1657853911,653203262,1,1,1,13,6,7
1657853952,406806401,1,1,1,2,20,5
1657853941,85143075,1,1,1,20,2,7
1657854068,1063035479,1,1,1,4,4,12
1657853903,54000595,1,1,1,8,13,13
1657853960,82571110,1,1,1,8,9,8
1657854061,54000582,1,1,1,18,3,6
1657853771,217235307,1,1,1,13,3,9
1657854083,210748575,1,1,1,25,14,12
1657853758,82421994,1,1,1,13,15,5
1657854023,214123470,1,1,1,1,20,5
1657853518,129086648,1,1,1,34,8,0
1657853507,217572769,1,1,1,19,2,5
1657854062,214298601,1,1,1,12,6,5
1657854050,129125489,1,1,1,18,0,2
1657854061,214122655,1,1,1,18,9,4
1657854011,15461933,1,1,1,13,1,2
1657854046,82458977,1,1,1,15,5,2
1657853567,129077035,1,1,1,48,3,0
1657854013,221047138,1,1,1,14,0,4
1657853983,15308782,1,1,1,33,1,0
1657852893,216473073,1,1,1,17,0,1
1657853911,37521,1,1,1,1,8,5
1642540077,35196898,1,0,0,27,0,0
1657854037,653046029,1,1,1,11,23,1
1657853931,2515976231,1,1,1,7,6,6
1657853798,129103849,1,1,1,12,0,8
1657853710,1057009034,1,1,1,18,4,5
1657853997,82334007,1,1,1,20,21,5
1657853984,214146056,1,1,1,12,12,4
1657853738,85008390,1,1,1,69,0,2
1657853999,216039437,1,1,1,25,0,0
1657854027,215495494,1,1,1,41,2,3
1657854019,43155320,1,1,1,28,8,10
1657854069,129130397,1,1,1,0,14,5
1657854024,653129412,1,1,1,13,5,13
1657854083,54000634,1,1,1,11,7,7
1657853916,419381597,1,1,1,28,18,2
1657853885,54000548,1,1,1,24,2,2
1657854072,54000466,1,1,1,26,1,2
1657853854,426772876,1,1,1,11,14,6
1657853590,74620630,1,1,1,22,3,1
1657854038,129091653,1,1,1,24,8,2
1657853829,100905057,1,1,1,20,0,2
1657854074,129134084,1,1,1,0,7,16
1657854047,210754072,1,1,1,3,16,15
1657854068,419991048,1,1,1,49,1,0
1657853969,2820744873,1,1,1,13,6,10
1657853861,213676825,1,1,1,37,9,4
1657854082,15299574,1,1,1,31,16,1
1657853886,41566122,1,1,1,41,8,5
1657853832,963786819,1,1,1,3,12,15
1657853569,427678168,1,1,1,37,4,4
1657853927,976762284,1,1,1,22,2,3
1657853661,213686196,1,1,1,18,0,0
1657853989,11004671601,1,1,1,1,11,11
1657853898,27414601,1,1,1,39,0,3
1657853745,129036192,1,1,1,3,3,4
1657853998,82421013,1,1,1,28,6,1
1657853814,434419150,1,1,1,32,2,2
1657853912,252339799,1,1,1,14,12,2
1657854078,224589573,1,1,1,6,8,4
1657854035,220502135,1,1,1,10,20,4
1657853938,129114993,1,1,1,11,17,4
1657854027,129124069,1,1,1,10,1,10
1657853669,221094844,1,1,1,18,1,0
1657853719,220726050,1,1,1,50,3,0
1657854031,254224239,1,1,1,35,24,3
1657854075,1805401614,1,1,1,16,7,3
1657853985,129116697,1,1,1,14,1,4
1657853699,977409509,1,1,1,23,3,12
1657853950,653055049,1,1,1,12,7,15
1657853857,221041655,1,1,1,47,7,2
1657854074,1057769632,1,1,1,13,9,4
1657854052,1333959209,1,1,1,8,1,9
1657853844,213690256,1,1,1,40,0,6
1657853932,476183970,1,1,1,34,3,0
1657853845,632007124,1,1,1,30,1,3
1657854050,977206088,1,1,1,10,11,9
1657854066,213868408,1,1,1,13,11,6
1657853834,129061615,1,1,1,9,21,2
1657853996,43165673,1,1,1,5,12,20
1657854029,82381710,1,1,1,11,1,0
1657853679,224598098,1,1,1,33,11,6
1657853982,10968855,1,1,1,16,0,3
1657853995,82508970,1,1,1,5,10,11
1657853904,653055097,1,1,1,22,0,0
1657853523,221038698,1,1,1,20,3,3
1657853959,27246227,1,1,1,23,0,1
1657853986,63297,1,1,1,3,16,2
1657854062,95927849,1,1,1,2,15,6
1657853981,102341385,1,1,1,12,9,2
1657853524,54000605,1,1,1,22,8,9
1657853924,979059925,1,1,1,17,4,6
1657853542,6512,1,1,1,11,0,4
1657853759,27363323,1,1,1,30,0,3
1657853758,85118872,1,1,1,29,0,9
1657853861,102289046,1,1,1,10,9,3
1657853934,124402232,1,1,1,22,8,11
1657854000,985086307,1,1,1,1,12,10
1657853765,27415327,1,1,1,21,4,1
1657853906,100798076,1,1,1,18,3,0
1657853719,15298647,1,1,1,33,2,1
1657854044,1063404053,1,1,1,10,1,8
1613034881,76199110,1,0,0,0,0,0
1657854000,54000598,1,1,1,25,0,0
1657853852,2515829865,1,1,1,9,3,9
1657854057,989753852,1,1,1,8,7,5
1657853961,990000217,1,1,1,1,8,6
1657853654,121025345,1,1,1,3,7,3
1657853969,213692714,1,1,1,22,0,2
1657854076,82577019,1,1,1,24,3,3
1657854060,39256416,1,1,1,28,4,15
1657853945,255207155,1,1,1,9,7,4
1657853687,63769334,1,1,1,25,2,11
1657853965,129136818,1,1,1,2,1,16
1657854038,27415469,1,1,1,9,5,10
1657853776,39599631,1,1,1,8,11,4
1657854023,84979504,1,1,1,23,2,0
1657853778,37936869,1,1,1,34,0,1
1657854011,85120104,1,1,1,0,7,8
1657853825,653059015,1,1,1,21,8,2
1657853713,101748685,1,1,1,33,8,1
1657853683,54000608,1,1,1,41,7,2
1657853945,653080986,1,1,1,4,1,2
1657853961,102743096,1,1,1,14,2,11
1657854085,66491394,1,1,1,23,13,5
1657854038,126175087,1,1,1,11,5,8
1657853884,101746493,1,1,1,46,3,3
1657854019,27363137,1,1,1,16,2,4
1657854008,339797666,1,1,1,21,2,1
1657854067,1968156458,1,1,1,2,29,3
1657853977,82404497,1,1,1,16,13,6
1657854064,991351798,1,1,1,10,6,7
1657853650,7304,1,1,1,15,0,0
1657854033,54000592,1,1,1,24,11,1
1657854000,54000572,1,1,1,5,11,4
1657853619,15409531,1,1,1,8,3,1
1657854051,29327,1,1,1,0,10,11
1657854007,36298,1,1,1,14,1,0
1657853918,37903195,1,1,1,16,8,1
1657853860,102313219,1,1,1,11,14,8
1657854084,100906707,1,1,1,13,21,5
1657853758,624177860,1,1,1,47,0,3
1657854041,66491407,1,1,1,14,4,4
1657853927,27369223,1,1,1,12,3,2
1657854051,102336814,1,1,1,0,13,6
1657853826,484423835,1,1,1,10,7,7
1657854066,54000618,1,1,1,9,10,0
1657853816,653059879,1,1,1,7,18,14
1657853997,210583589,1,1,1,15,13,3
1657853982,653050378,1,1,1,30,2,1
1657854086,15291968,1,1,1,6,6,1
1657853733,126354477,1,1,1,18,0,0
1657854087,15387809,1,1,1,28,28,5
1657853887,1002059045,1,1,1,24,0,1
1657853756,1002738770,1,1,1,20,1,3
1657853981,100918666,1,1,1,13,6,2
1657853953,213987795,1,1,1,17,10,13
1657853857,15397468,1,1,1,34,11,1
1657853873,129101773,1,1,1,37,3,3
1657853568,84966359,1,1,1,24,1,1
1657853994,42908639,1,1,1,29,0,0
1657854031,125469898,1,1,1,28,1,4
1657853915,35137730,1,1,1,44,3,3
1657853667,52329,1,1,1,33,3,1
1657853856,42499285,1,1,1,43,0,0
1657854039,85162552,1,1,1,14,16,14
1655504532,88235134,1,0,0,46,0,1
1657853616,2515738489,1,1,1,8,9,2
1657853910,256561528,1,1,1,8,24,10
1657853747,452920451,1,1,1,22,0,1
1657853955,37920,1,1,1,24,8,2
1657853782,54000588,1,1,1,42,16,7
1657853905,1020700136,1,1,1,17,1,1
1657853943,100855693,1,1,1,25,0,1
1657853781,54000549,1,1,1,15,0,1
1657854046,54000586,1,1,1,21,7,4
1657853978,102304517,1,1,1,38,4,3
1657854003,128889359,1,1,1,32,1,4
1657853918,54000546,1,1,1,29,2,1
1657853738,129042700,1,1,1,41,11,5
1657854039,101761298,1,1,1,28,13,3
1657854063,912377361,1,1,1,19,17,7
1657854014,256124192,1,1,1,33,6,3
1657854087,27364581,1,1,1,8,13,4
1657853999,653127524,1,1,1,17,7,6
1657853798,2515686699,1,1,1,16,1,8
1657854047,210737808,1,1,1,19,5,3
1657853885,259977414,1,1,1,2,16,2
1657853893,82568336,1,1,1,24,1,1
1657853704,1021176825,1,1,1,12,7,3
1657854014,54000611,1,1,1,18,2,4
1657853753,66491408,1,1,1,23,0,9
1657853571,100872260,1,1,1,40,2,0
1657853954,36151,1,1,1,15,0,1
1657854015,213848056,1,1,1,1,36,16
1657853942,452936197,1,1,1,31,25,4
1657854009,54000545,1,1,1,28,34,2
1657853751,66505511,1,1,1,27,1,0
1657853537,224256188,1,1,1,28,0,1
1657853685,66491386,1,1,1,55,1,0
1657853913,1023083417,1,1,1,17,1,1
1657853579,54000539,1,1,1,35,0,1
1657853903,1025995767,1,1,1,2,11,8
1657854064,101490103,1,1,1,9,10,4
1657853930,82432573,1,1,1,18,15,15
1657853938,1021553839,1,1,1,31,2,1
1657853827,54000541,1,1,1,27,1,0
1657853642,653065577,1,1,1,22,1,7
1657854010,1034242363,1,1,1,30,0,3
1657853620,335780498,1,1,1,30,1,0
1657854069,256403519,1,1,1,20,0,0
1657853849,484387018,1,1,1,27,1,2
1657854002,544249939,1,1,1,32,14,2
1657853984,1035816937,1,1,1,14,0,13
1657853919,66507229,1,1,1,17,8,1
1657854060,27415012,1,1,1,30,20,16
1657853986,263610599,1,1,1,37,1,7
1657853770,49772483,1,1,1,18,0,0
1657853852,653066427,1,1,1,20,5,1
1657854015,129089749,1,1,1,25,3,2
1657854017,100770878,1,1,1,9,13,3
1657853676,27415297,1,1,1,50,0,1
1657854047,54000607,1,1,1,1,12,3
1657853586,13283986,1,1,1,19,11,3
1657853906,100910836,1,1,1,18,20,7
1657853984,6515,1,1,1,27,0,1
1657853921,41523981,1,1,1,3,24,2
1657854023,1034247348,1,1,1,20,2,12
1657853817,39536951,1,1,1,14,5,12
1657853911,35089539,1,1,1,14,6,3
1657853774,27415169,1,1,1,5,8,8
1657853976,15412563,1,1,1,12,9,1
1657854071,30179848,1,1,1,22,3,2
1657854077,27363029,1,1,1,10,12,10
1657853966,484889494,1,1,1,6,10,10
1657854066,27363256,1,1,1,24,0,1
1657853568,100902274,1,1,1,34,0,0
1657853890,15414455,1,1,1,31,2,0
1657853915,27415285,1,1,1,19,1,2
1657854062,78348185,1,1,1,1,31,17
1657853586,36003,1,1,1,20,0,1
1657853780,27415215,1,1,1,16,5,4
1657853895,263732151,1,1,1,10,13,10
1657853666,1036199130,1,1,1,4,10,7
1657853985,129161858,1,1,1,7,17,8
1657853645,653035822,1,1,1,23,4,1
1657853981,27414460,1,1,1,35,1,1
1657853984,76488849,1,1,1,13,21,2
1657853983,66505513,1,1,1,28,0,1
1657853996,129050965,1,1,1,9,5,3
1657854011,66491368,1,1,1,47,2,1
1657854023,82419429,1,1,1,16,18,6
1657854047,349750111,1,1,1,22,3,4
1657853646,52453,1,1,1,18,0,6
1657854048,210389577,1,1,1,14,0,1
1657854044,15401095,1,1,1,10,26,8
1657853943,1055553396,1,1,1,3,10,2
1657854018,210394523,1,1,1,24,7,2
1657853668,1036226943,1,1,1,11,11,10
1657854089,1056959071,1,1,1,15,17,9
1657854032,60667075,1,1,1,21,0,0
1657853900,66491371,1,1,1,23,5,1
1657853819,486833337,1,1,1,30,2,1
1657854084,1055541632,1,1,1,4,26,10
1657854039,75313725,1,1,1,14,12,7
1657853847,606669250,1,1,1,17,14,8
1657853373,653069115,1,1,1,10,16,8
1657854006,15383032,1,1,1,38,0,1
1657853803,54000561,1,1,1,20,8,1
1657853594,54001190,1,1,1,10,13,3
1657853800,460558111,1,1,1,10,7,0
1657854049,82569809,1,1,1,19,2,1
1657853974,11851037297,1,1,1,32,0,1
1657853938,266052390,1,1,1,22,3,2
1657854001,37952191,1,1,1,5,19,7
1657854022,34300292,1,1,1,19,1,4
1657853950,82554786,1,1,1,25,3,2
1657853983,268976295,1,1,1,18,10,3
1657854032,27415444,1,1,1,17,10,3
1657853928,84983562,1,1,1,31,7,14
1657854042,129081441,1,1,1,0,12,9
1657854068,653073004,1,1,1,38,9,1
1657854077,1056986761,1,1,1,37,15,3
1657854033,41610121,1,1,1,10,15,2
1657854015,82566934,1,1,1,34,13,5
1657853895,128936618,1,1,1,35,0,0
1657853748,35106544,1,1,1,37,6,12
1657854087,267976590,1,1,1,20,37,7
1657853628,1056965116,1,1,1,49,0,1
1657853856,54000630,1,1,1,6,10,6
1657853974,54000567,1,1,1,14,11,8
1657853487,1599921040,1,1,1,21,5,4
1657853600,129096696,1,1,1,2,6,5
1657853925,82590367,1,1,1,53,3,0
1657854074,82573931,1,1,1,15,13,8
1657853842,82436057,1,1,1,0,17,4
1657853994,43219958,1,1,1,28,9,1
1657853884,269953055,1,1,1,1,17,11
1657853760,82448637,1,1,1,44,0,1
1657854071,271540743,1,1,1,10,10,6
1657854066,452347778,1,1,1,0,10,10
1657853744,13372702,1,1,1,5,19,9
1657853899,1599931563,1,1,1,21,2,7
1657853937,15411223,1,1,1,5,12,7
1657853568,85152599,1,1,1,38,6,2
1657853988,284711589,1,1,1,14,2,1
1657853908,30550,1,1,1,22,1,1
1657854074,478593396,1,1,1,7,3,9
1657853907,213675430,1,1,1,34,11,3
1657854048,462875227,1,1,1,10,7,8
1657853842,213693126,1,1,1,20,0,0
1657853944,363735875,1,1,1,6,9,2
1657854067,265266148,1,1,1,4,7,13
1657854024,357491025,1,1,1,17,1,4
1657853857,457713145,1,1,1,35,3,5
1657853930,392576677,1,1,1,13,4,6
1657853975,66491406,1,1,1,46,0,2
1657853945,338853596,1,1,1,21,4,1
1657854087,1056995858,1,1,1,4,17,8
1657853986,27414924,1,1,1,20,1,1
1657853986,390075668,1,1,1,24,9,4
1657854025,54000550,1,1,1,30,0,1
1657854045,1056972307,1,1,1,18,15,13
1657854064,653217067,1,1,1,1,3,15
1657854052,1109534105,1,1,1,1,3,15
1657854012,124390478,1,1,1,11,3,3
1657853807,365181481,1,1,1,45,1,3
1657853570,653076373,1,1,1,33,1,0
1653895841,11851327865,0,0,0,30,0,0
1657853995,52456,1,1,1,23,0,5
1657851916,15310509,1,1,1,12,5,0
1657853997,275968458,1,1,1,58,1,0
1657853832,213995665,1,1,1,11,7,12
1657854003,1056979685,1,1,1,13,13,1
1657853878,128928526,1,1,1,11,0,4
1657853816,27415123,1,1,1,0,16,9
1657853957,287096529,1,1,1,34,8,1
1657854060,97705710,1,1,1,19,13,6
1657853695,13242682,1,1,1,20,10,1
1657853950,278576043,1,1,1,8,3,6
1657853567,213695073,1,1,1,30,0,1
1657854086,284708999,1,1,1,11,15,11
1657853946,653079520,1,1,1,3,4,10
1657853993,653076393,1,1,1,0,10,25
1657854061,129069108,1,1,1,2,28,9
1597371137,213936755,1,0,0,49,0,0
1657853711,30641281,1,1,1,17,2,2
1657853712,54000593,1,1,1,37,0,1
1657853822,27362949,1,1,1,24,1,3
1657853804,1057003116,1,1,1,15,12,3
1657853744,285726279,1,1,1,25,1,0
1652035916,41587607,1,0,0,30,0,0
1657854061,285454061,1,1,1,7,0,8
1657853586,213686471,1,1,1,20,2,2
1657853829,7261,1,1,1,19,0,1
1657853862,291354793,1,1,1,45,2,1
1657853835,213685863,1,1,1,42,8,0
1657854078,653062048,1,1,1,21,2,1
1657854022,1062812659,1,1,1,40,12,6
1657854049,653079135,1,1,1,0,9,6
1657853879,38319086,1,1,1,32,3,1
1657854029,653129435,1,1,1,5,6,5
1657853929,221032834,1,1,1,38,4,6
1657854058,124622630,1,1,1,27,8,2
1657854077,594942659,1,1,1,13,2,2
1657853846,96512532,1,1,1,15,1,2
1657854071,362178041,1,1,1,10,4,13
1657853857,100783424,1,1,1,59,6,3
1657853930,27415524,1,1,1,22,3,0
1657854062,422639331,1,1,1,10,11,9
1657854001,1057061349,1,1,1,12,10,8
1657853694,292871105,1,1,1,18,0,3
1657853826,38280,1,1,1,16,0,0
1657853578,653125838,1,1,1,27,0,2
1657853499,476053320,1,1,1,26,0,0
1657854054,129121741,1,1,1,17,27,5
1657854000,404947652,1,1,1,27,0,3
1657854048,129142199,1,1,1,18,3,8
1657853857,210584503,1,1,1,11,3,1
1657854008,42541542,1,1,1,12,16,3
1657853947,27363558,1,1,1,0,26,2
1657853783,214109662,1,1,1,7,2,11
1657853989,653122771,1,1,1,1,17,6
1657853953,35147530,1,1,1,8,11,3
1657853809,1057081237,1,1,1,9,3,12
1657853926,101756482,1,1,1,3,37,5
1657854052,1057179405,1,1,1,22,0,6
1657853804,653135400,1,1,1,0,20,6
1657853991,213689228,1,1,1,37,3,2
1657853968,409364001,1,1,1,3,8,7
1657853933,129079313,1,1,1,39,0,2
1657854039,129135654,1,1,1,0,27,1
1657854010,653080383,1,1,1,2,39,6
1657853699,1057039016,1,1,1,0,12,6
1657853568,1057045129,1,1,1,26,11,3
1657854034,1190800638,1,1,1,16,0,6
1657853832,302725495,1,1,1,32,7,10
1657853983,303102719,1,1,1,6,1,4
1657853589,27363277,1,1,1,35,1,1
1657854076,6295,1,1,1,18,3,0
1657854080,303452950,1,1,1,11,1,21
1657853766,54000617,1,1,1,13,4,3
1526880629,213691137,1,0,0,30,0,0
1657854052,653131074,1,1,1,21,0,4
1657853768,308082350,1,1,1,15,2,0
1657853977,653126035,1,1,1,2,7,11
1657853767,36473,1,0,0,12,1,0
1657854086,210745258,1,1,1,31,10,4
1657853989,37921892,1,1,1,16,6,1
1657853925,457834134,1,1,1,26,0,2
1657854075,653123610,1,1,1,19,9,6
1657854041,35101194,1,1,1,0,20,10
1657854075,54000615,1,1,1,2,21,4
1657853916,135806005,1,1,1,1,2,12
1657854045,66491395,1,1,1,17,17,3
1657853779,82550543,1,1,1,28,21,3
1657853821,653135378,1,1,1,23,2,11
1657853878,54000562,1,1,1,20,7,3
1657853664,402212574,1,1,1,26,0,2
1657854067,1057184567,1,1,1,23,2,9
1657853898,1057319366,1,1,1,28,0,1
1657854057,34235349,1,1,1,16,10,1
1657853819,210751059,1,1,1,7,2,6
1657853569,1057203651,1,1,1,40,1,3
1657853904,453172172,1,1,1,8,1,2
1657853871,478385490,1,1,1,17,0,12
1657853727,102326776,1,1,1,17,1,5
1657854000,213706622,1,1,1,18,1,4
1657853872,213686749,1,1,1,27,4,5
1657854046,1057302263,1,1,1,0,12,6
1657854080,82572699,1,1,1,13,8,7
1657854012,311552027,1,1,1,40,3,2
1657853990,27269170,1,1,1,11,9,1
1657854007,82375611,1,1,1,41,1,2
1657854021,443402852,1,1,1,38,8,2
1657853888,1062162270,1,1,1,12,5,3
1657853910,38192,1,1,1,33,0,1
1657853984,84958519,1,1,1,26,4,1
1657853580,559980654,1,1,1,23,0,0
1657854010,213952930,1,0,0,30,0,0
1657854050,458086607,1,1,1,13,11,4
1657853510,7247,1,1,1,20,1,2
1657854000,653081846,1,1,1,3,10,16
1657854054,213689815,1,1,1,14,10,9
1657853824,443198808,1,1,1,31,1,4
1657854035,620676855,1,1,1,8,1,13
1657854025,98187918,1,1,1,59,0,1
1657854078,13191324,1,1,1,32,0,1
1657854038,210738704,1,1,1,18,5,2
1657854053,102745622,1,1,1,1,22,5
1657854070,213999554,1,1,1,4,12,1
1657853948,213677219,1,1,1,1,16,2
1657853866,6294,1,1,1,19,0,3
1657853822,85155919,1,1,1,15,9,6
1657853822,1062238429,1,1,1,2,12,2
1657853906,369011098,1,1,1,11,7,4
1657854078,102343591,1,1,1,10,10,11
1657853825,27415150,1,1,1,20,0,2
1657853674,82565383,1,1,1,31,9,5
1657853866,653134004,1,1,1,8,4,11
1657853554,27415246,1,1,1,42,1,1
1657853942,389788858,1,1,1,54,15,1
1657853938,1056947780,1,1,1,27,1,2
1657853904,38327,1,1,1,29,10,2
1657853596,100925033,1,1,1,39,5,1
1657853793,109609241,1,1,1,23,4,4
1657854001,101491821,1,1,1,18,14,9
1657854065,82562496,1,1,1,11,4,4
1657854028,235197110,1,1,1,0,36,8
1657854075,417088374,1,1,1,9,22,7
1657853542,129145892,1,1,1,34,1,12
1657853903,439750210,1,1,1,15,7,2
1657854039,82584215,1,1,1,42,10,7
1657853813,42720305,1,1,1,37,1,0
1657854027,653205656,1,1,1,13,7,8
1657854079,653147618,1,1,1,18,3,6
1657854085,335989765,1,1,1,16,12,19
1657854011,417623119,1,1,1,12,4,4
1657853714,54000632,1,1,1,3,18,13
1657853941,428088564,1,1,1,9,10,6
1657853963,365886904,1,1,1,27,6,2
1657853527,85015750,1,1,1,35,0,3
1657853559,27064639,1,1,1,18,3,0
1657853560,102722579,1,1,1,13,11,3
1657853691,653083263,1,1,1,26,12,1
1657853881,39151458,1,1,1,11,3,4
1657854014,213682190,1,1,1,28,11,2
1657854047,468354634,1,1,1,20,4,6
1657854061,379063990,1,1,1,10,5,7
1657853999,221036108,1,1,1,28,9,9
1657853889,213692227,1,1,1,36,0,0
1657853655,75641607,1,1,1,24,6,1
1657853788,653137566,1,1,1,20,3,10
1657853947,213674686,1,1,1,9,13,12
1657853542,38522,1,1,1,23,0,0
1657853928,488889101,1,1,1,22,3,5
1657854043,653083675,1,1,1,15,0,5
1657853913,266422568,1,1,1,23,0,0
1657853770,488872892,1,1,1,38,2,2
1657853896,488800137,1,1,1,24,0,1
1657853911,1057730786,1,1,1,17,1,0
1657854051,131094294,1,1,1,8,7,15
1657853994,129016495,1,1,1,50,2,1
1657854070,1057335613,1,1,1,23,1,3
1657853624,491687415,1,1,1,18,2,1
1657853582,39202840,1,1,1,19,0,0
1657853899,653141822,1,1,1,6,5,10
1657854073,488980540,1,1,1,25,6,3
1657854036,54000599,1,1,1,10,9,5
1657854028,1057221951,1,1,1,3,19,5
1657853968,653137567,1,1,1,0,12,10
1657853832,54000600,1,1,1,14,5,14
1657853892,82455731,1,1,1,55,5,0
1657854073,15212034,1,1,1,19,1,0
1657853732,494183852,1,1,1,37,1,1
1657854015,1057399900,1,1,1,15,0,9
1657853876,559595472,1,1,1,22,0,1
1657853968,210395439,1,1,1,22,2,2
1657854069,491932748,1,1,1,24,10,4
1657854070,1057329581,1,1,1,18,1,2
1657853929,1057378487,1,1,1,7,7,7
1657853983,1057737444,1,1,1,20,26,4
1657853914,82336035,1,1,1,16,1,0
1657853784,1314450240,1,1,1,3,11,6
1657853711,2515636592,1,1,1,13,2,3
1657853950,255322397,1,1,1,10,10,6
1657853569,653139063,1,1,1,45,4,1
1657853945,1057091571,1,1,1,19,2,6
1657853829,210582231,1,1,1,23,0,0
1657853858,653087180,1,1,1,27,1,4
1656114400,583171360,1,0,0,30,0,0
1657854069,312870435,1,1,1,9,0,1
1657853931,1057354004,1,1,1,13,5,11
1657853802,129106450,1,1,1,21,9,6
1657854060,1057405802,1,1,1,16,1,11
1657853993,27414544,1,1,1,16,1,3
1657853665,213894629,1,1,1,25,9,10
1657854071,100923502,1,1,1,0,15,1
1657854022,129059516,1,1,1,5,18,20
1657854070,1227051850,1,1,1,16,14,8
1657854079,1057748427,1,1,1,3,25,13
1657853681,285001735,1,1,1,39,0,0
1657854044,54000560,1,1,1,10,9,1
1657854074,1062742831,1,1,1,38,0,0
1657854047,101017160,1,1,1,0,30,2
1657854055,100933541,1,1,1,14,6,7
1657853992,36391,1,1,1,17,3,0
1657853949,100934967,1,1,1,6,14,12
1657854055,437741660,1,1,1,38,1,3
1657854009,1062783107,1,1,1,12,17,0
1657853999,15309045,1,1,1,11,4,0
1657853976,653086121,1,1,1,14,6,14
1657853815,653139897,1,1,1,13,0,14
1657853695,476155906,1,1,1,25,0,1
1657854053,101011685,1,1,1,9,10,7
1657853850,27415547,1,1,1,9,10,5
1657854060,54000543,1,1,1,28,1,2
1613934558,1015246367,1,0,0,25,0,0
1657853894,284787594,1,1,1,20,14,4
1657853815,1057765913,1,1,1,34,2,2
1657853877,1062704564,1,1,1,37,1,1
1657854021,221043930,1,1,1,11,5,20
1657854083,1057234527,1,1,1,12,19,9
1657854054,49498164,1,1,1,14,0,0
1657853999,76121343,1,1,1,11,0,1
1657853973,1057072168,1,1,1,10,5,9
1657853552,1062685145,1,1,1,15,0,1
1657854008,1056715831,1,1,1,19,1,0
1657854012,101742129,1,1,1,8,26,2
1657853667,1057360420,1,1,1,26,0,1
1657853874,49117995,1,1,1,15,1,2
1657854071,214119792,1,1,1,3,13,4
1657854037,1057366813,1,1,1,21,5,2
1657853988,37504995,1,1,1,10,11,9
1657853966,131908132,1,1,1,3,3,13
1657853726,27363337,1,1,1,21,7,3
1657854048,125811629,1,1,1,1,34,8
1657854088,102307005,1,1,1,17,1,3
1657854075,1057753858,1,1,1,19,16,1
1657854053,452341449,1,1,1,5,13,6
1657853947,54000590,1,1,1,30,15,1
1657853572,6298,1,1,1,19,2,1
1657853948,27359295,1,1,1,23,2,5
1657853687,54000587,1,1,1,23,7,1
1657853972,81212212,1,1,1,18,0,5
1657853671,653087914,1,1,1,0,15,8
1657853888,41219552,1,1,1,22,0,1
1657853801,101738550,1,1,1,14,3,3
1657853857,54000622,1,1,1,21,4,3
1657853566,82339935,1,1,1,30,1,1
1657854015,27414713,1,1,1,0,22,8
1657853795,54000564,1,1,1,25,4,2
1657854026,13912564,1,1,1,18,5,2
1657854081,42907187,1,1,1,8,12,3
1657853930,58311330,1,1,1,4,10,9
1657854001,100967498,1,1,1,27,14,10
1657854018,39149651,1,1,1,40,3,6
1657854057,43247025,1,1,1,13,2,2
1657854017,70903158,1,1,1,22,2,0
1657853759,37879071,1,1,1,16,14,4
1657853731,41464928,1,1,1,62,0,0
1657853956,54000619,1,1,1,20,12,1
1657854011,38060,1,1,1,8,27,5
1657854044,101008598,1,1,1,25,7,9
1657854058,82332239,1,1,1,27,7,1
1657854062,75525462,1,1,1,25,12,8
1657854087,15462861,1,1,1,20,9,0
1657854074,95845524,1,1,1,1,13,4
1657853595,38407,1,1,1,30,2,7
1657854061,82554449,1,1,1,29,29,1
1657853954,39535340,1,1,1,0,26,3
1657853563,1062797394,1,1,1,25,0,1
1657853731,54000570,1,1,1,29,7,0
1657853773,1062256852,1,1,1,18,2,0
1657854055,1057373549,1,1,1,7,10,5
1657854003,653089942,1,1,1,8,6,7
1657853982,128841079,1,1,1,34,0,2
1657853596,220504949,1,1,1,29,2,2
1657854002,15308712,1,1,1,5,14,2
1657854003,7295,1,1,1,3,9,2
1657853990,27296946,1,1,1,17,3,8
1657854012,653143563,1,1,1,16,7,7
1657853970,443153677,1,1,1,30,4,2
1657853948,265201872,1,1,1,46,1,4
1657854057,66505510,1,1,1,50,8,3
1657854015,66491391,1,1,1,16,6,9
1657854031,1062245074,1,1,1,0,18,8
1657853820,201923447,1,1,1,4,27,6
1657853787,9931940126,1,1,1,21,5,10
1657853881,1057758764,1,1,1,4,29,3
1657853970,653144717,1,1,1,20,2,2
1657853830,42275164,1,1,1,17,13,6
1657853797,125623876,1,1,1,10,5,4
1657853569,85031184,1,1,1,40,9,2
1657854019,97824043,1,1,1,6,8,6
1657854020,66491379,1,1,1,11,0,0
1657853821,39169029,1,1,1,6,11,7
1657853584,35600927,1,1,1,29,1,2
1657854072,100868590,1,1,1,23,2,0
1657854034,54000616,1,1,1,0,8,23
1657853903,27364642,1,1,1,8,5,12
1657799568,66491381,1,1,1,6,8,12
1657853731,49094984,1,1,1,31,3,2
1657853616,77773,1,1,1,17,4,5
1657853736,15463487,1,1,1,21,4,1
1657853702,52518,1,1,1,22,0,0
1657854086,1062874070,1,1,1,0,19,20
1657854054,82574198,1,1,1,1,38,1
1657854015,30730,1,1,1,20,12,2
1657853993,27415389,1,1,1,15,0,12
1657853902,1062802530,1,1,1,8,11,5
1657853968,653091206,1,1,1,14,15,9
1657854057,653042678,1,1,1,8,12,2
1657853845,75345531,1,1,1,14,0,1
1657854037,66505516,1,1,1,3,39,3
1657846413,49341735,1,1,1,25,6,10
1657853966,15309674,1,1,1,10,8,2
1657853910,66491367,1,1,1,15,1,0
1657853804,129023855,1,1,1,16,5,2
1657853882,54000554,1,1,1,30,0,1
1657854029,27414902,1,1,1,13,3,3
1657854084,2515672078,1,1,1,11,4,8
1657854030,35317080,1,1,1,3,11,6
1657854088,27415179,1,1,1,0,9,11
1657853979,653146273,1,1,1,1,14,6
1657853953,1062882947,1,1,1,11,7,3
1657854042,653091677,1,1,1,0,17,6
1657853548,35472299,1,1,1,8,2,2
1657853586,1805255023,1,1,1,29,1,0
1657853596,66489651,1,1,1,30,0,1
1657853648,1057207064,1,1,1,14,5,4
1657853787,39626277,1,1,1,14,0,1
1657853737,213687475,1,1,1,19,0,3
1657854017,1062982815,1,1,1,11,1,8
1657853741,128890772,1,1,1,20,1,6
1657853963,266963426,1,1,1,42,6,2
1657853924,7268,1,1,1,8,10,12
1657853918,1237624420,1,1,1,23,3,4
1657853857,129152818,1,1,1,19,0,3
1657854019,27313492,1,1,1,8,13,4
1657853871,338824395,1,1,1,9,4,2
1657853809,128932790,1,1,1,29,0,0
1657853994,100760396,1,1,1,24,5,2
1657853969,210585225,1,1,1,10,7,3
1657852948,82396562,1,1,1,6,9,1
1657854050,312165511,1,1,1,27,6,1
1657854066,262607058,1,1,1,25,0,7
1657853998,1074095810,1,1,1,19,0,3
1657854025,128880156,1,1,1,21,0,2
1657853836,27415411,1,1,1,11,10,2
1657854022,210387163,1,1,1,26,3,2
1657853866,653150828,1,1,1,12,5,3
1657853789,443654970,1,1,1,35,1,0
1657853751,1063971944,1,1,1,29,0,0
1657853835,15153595,1,1,1,22,3,6
1657853852,54000465,1,1,1,24,1,1
1657854061,471094898,1,1,1,1,14,8
1657853903,66499894,1,1,1,21,11,1
1657853760,100759356,1,1,1,14,0,2
1657853756,1062911162,1,1,1,25,0,4
1657853697,42341698,1,1,1,43,0,0
1657853994,653187900,1,1,1,6,17,16
1657854070,128874528,1,1,1,13,4,1
1657853895,1062827573,1,1,1,18,5,6
1657853881,54000542,1,1,1,24,2,3
1657853779,1074187051,1,1,1,0,21,9
1657853976,331153695,1,1,1,18,4,2
1657854021,1074142878,1,1,1,6,4,10
1657853960,11874261013,1,1,1,3,11,6
1657854040,213680246,1,1,1,13,15,7
1657854070,1064000778,1,1,1,24,29,1
1657854081,1074060095,1,1,1,24,2,1
1657853858,1057290902,1,1,1,38,2,5
1657853666,80419347,1,1,1,5,10,11
1657853904,1063000561,1,1,1,16,1,3
1657853907,213680553,1,1,1,39,6,6
1657853990,1063012692,1,1,1,8,5,7
1657853802,54000538,1,1,1,17,10,1
1657854050,82499609,1,1,1,8,25,3
1657853912,1064008882,1,1,1,16,0,2
1657854059,653152142,1,1,1,5,2,12
1657853568,129029327,1,1,1,18,0,1
1657853800,1063429705,1,1,1,9,3,10
1657854009,478250062,1,1,1,22,0,1
1657854038,1062833975,1,1,1,19,8,8
1657853778,11908510683,1,1,1,6,11,8
1657853999,2515756572,1,1,1,14,11,8
1657853875,1063410400,1,1,1,4,2,16
1657854066,80298493,1,1,1,0,13,12
1657853708,98132679,1,1,1,40,0,9
1657853972,96608796,1,1,1,8,16,1
1657853898,48800374,1,1,1,12,0,2
1657854015,58391194,1,1,1,24,0,1
1657853761,1396728955,1,1,1,10,13,0
1657853731,128878135,1,1,1,24,2,2
1657854073,1063044618,1,1,1,1,17,12
1657853838,1063421211,1,1,1,18,8,13
1657853979,569583918,1,1,1,42,0,1
1657854014,129083553,1,1,1,25,6,0
1657853815,1074204954,1,1,1,12,17,0
1657854015,100767550,1,1,1,41,1,0
1657854014,1074333296,1,1,1,28,11,2
1657853800,11908496227,1,1,1,13,5,6
1657853997,54000537,1,1,1,4,5,3
1657853998,653094517,1,1,1,28,2,10
1657853791,1063984816,1,1,1,13,3,2
1657853982,442739463,1,1,1,5,5,4
1657853936,380891087,1,1,1,22,7,3
1657854058,49423507,1,1,1,46,2,5
1657854037,128834707,1,1,1,20,1,0
1657854026,78374110,1,1,1,14,1,1
1657853770,653097126,1,1,1,18,6,0
1657853910,391845823,1,1,1,20,2,3
1657854034,15433394,1,1,1,37,1,3
1657854087,653140345,1,1,1,15,3,6
1657853697,15290700,1,1,1,7,8,5
1657854039,276989966,1,1,1,11,1,3
1657854077,2515885093,1,1,1,15,6,10
1657853808,54001189,1,1,1,27,0,1
1657854055,653153519,1,1,1,0,11,8
1657854033,39887632,1,1,1,3,5,14
1657853996,581480367,1,1,1,43,24,0
1657853489,6293,1,1,1,26,1,1
1657853840,653072212,1,1,1,1,10,18
1657854032,128843085,1,1,1,29,0,0
1657854086,1063027377,1,1,1,21,2,1
1657854005,653085678,1,1,1,15,5,2
1657853674,6352,1,1,1,17,1,0
1657853898,120564786,1,1,1,54,1,2
1657853912,210386007,1,1,1,14,2,5
1657854065,6245,1,1,1,23,1,1
1657854058,1063053136,1,1,1,3,9,6
1657853873,27414358,1,1,1,16,1,1
1657853984,101751231,1,1,1,11,18,7
1657853565,1074339090,1,1,1,19,1,5
1657853981,1062844489,1,1,1,23,5,5
1657853708,54000596,1,1,1,32,0,2
1657854051,39169877,1,1,1,55,6,5
1657853871,653155159,1,1,1,13,0,9
1657854034,653099465,1,1,1,16,3,9
1657853916,323468705,1,1,1,17,0,0
1657853928,1810975577,1,1,1,16,7,7
1657854046,2705356759,1,1,1,9,13,5
1657853763,35380305,1,1,1,33,1,0
1657854082,100790494,1,1,1,16,7,1
1657854056,653040243,1,1,1,8,16,3
1657854052,1063061372,1,1,1,32,1,1
1657854072,2705290225,1,1,1,28,1,1
1657853939,214019379,1,1,1,21,0,4
1657853940,82574979,1,1,1,9,7,7
1657854073,1599896463,1,1,1,14,5,2
1657853995,1987547083,1,1,1,12,5,13
1657854067,2705338817,1,1,1,3,5,14
1657853839,1074410417,1,1,1,4,9,15
1657854007,1074352578,1,1,1,20,4,0
1657853982,53999465,1,1,1,65,0,1
1657854032,653156540,1,1,1,33,0,2
1657853994,54000573,1,1,1,2,35,5
1657853924,210328645,1,0,0,19,0,0
1657853992,99886640,1,1,1,21,1,1
1657853619,129080400,1,1,1,21,0,0
1657853843,1981490798,1,1,1,4,12,7
1657853863,66491366,1,1,1,30,4,2
1657853736,6297,1,1,1,18,0,0
1657854026,1074428106,1,1,1,3,14,12
1657854061,653102462,1,1,1,2,30,10
1657853727,653031913,1,1,1,19,0,0
1657853857,1057210479,1,1,1,0,8,7
1657853980,27414527,1,1,1,19,0,0
1657854087,653092274,1,1,1,25,2,5
1657853868,208603342,1,1,1,19,1,0
1657853851,311153993,1,1,1,32,0,0
1657853893,632086890,1,1,1,0,17,10
1657853991,653104215,1,1,1,0,28,6
1657853882,54000557,1,1,1,18,1,1
1657853786,653110858,1,1,1,23,0,0
1657853699,653159330,1,1,1,25,1,2
1657853844,49424560,1,1,1,13,16,5
1657853973,653165196,1,1,1,10,17,0
1657854007,1074390359,1,1,1,9,8,16
1657853991,2002864789,1,1,1,9,4,1
1657853896,11146714746,1,1,1,0,15,11
1657854076,11146696292,1,1,1,3,22,5
1657853959,653107480,1,1,1,19,0,2
1657853902,1988517250,1,1,1,24,1,0
1657854049,74864208,1,1,1,19,2,4
1657854042,653166892,1,1,1,2,12,15
1657854081,653106960,1,1,1,8,28,1
1657853873,82468690,1,1,1,47,4,5
1657853963,54000536,1,1,1,31,4,0
1657853726,39565873,1,1,1,23,2,1
1657854034,1074398925,1,1,1,4,16,15
1657854062,12225158518,1,1,1,15,1,11
1657853638,12225289563,1,1,1,21,2,5
1657853908,567884788,1,1,1,15,6,1
1657853989,99950133,1,1,1,55,0,0
1657853974,549480297,1,1,1,18,2,2
1657853834,12196660096,1,1,1,25,1,4
1657853921,653175838,1,1,1,3,4,10
1657853629,84960402,1,1,1,10,21,5
1657853521,2515701705,1,1,1,9,2,9
1657853658,15550433574,1,1,1,29,0,9
1657853760,11218473640,1,1,1,19,0,4
1632509667,54000558,1,0,0,0,0,0
1657854084,653110492,1,1,1,4,19,5
1657854015,102339791,1,1,1,6,18,3
1657853798,52474,1,1,1,12,8,1
1657853868,486750405,1,1,1,9,8,5
1657854063,10773448319,1,1,1,0,12,15
1657854019,11438171152,1,1,1,16,0,6
1657853627,653046369,1,1,1,14,6,7
1657853880,125370566,1,1,1,19,0,1
1657853717,66491396,1,1,1,47,0,3
1657853952,102328355,1,1,1,1,12,7
1657853627,76352106,1,1,1,30,1,0
1657854062,653180903,1,1,1,10,14,10
1657854079,101015227,1,1,1,4,25,5
1657853566,74805344,1,1,1,30,0,0
1657853734,78124875,1,1,1,43,1,8
1657854071,54000578,1,1,1,1,23,8
1657853849,102724418,1,1,1,3,16,6
1657854058,102287315,1,1,1,11,30,1
1657853900,42950428,1,1,1,14,26,7
1657853944,100921894,1,1,1,0,17,2
1657854084,82429586,1,1,1,3,31,6
1657854079,37995,1,1,1,36,3,11
1657853719,653193536,1,1,1,3,5,10
1657854062,54000589,1,1,1,44,22,1
1657853798,74692052,1,1,1,22,1,8
1657853622,35080917,1,1,1,27,2,0
1657853750,89553051,1,1,1,17,3,1
1657854078,11218807773,1,1,1,2,29,13
1657854054,101759167,1,1,1,6,36,3
1657854044,37420,1,1,1,11,4,1
1657853836,27363058,1,1,1,21,0,2
1657853994,66491390,1,1,1,37,1,1
1657853929,653114003,1,1,1,12,9,2
1657853969,27363206,1,1,1,3,15,10
1657853997,54000591,1,1,1,14,14,9
1657853950,49791363,1,1,1,30,0,0
1657853916,7402,1,1,1,1,8,6
1657854002,75352635,1,1,1,11,5,9
1657854012,34836174,1,1,1,5,16,10
1657854012,6354,1,1,1,1,29,3
1628239218,16206842336,0,0,0,0,0,0
1657854075,101022698,1,1,1,1,26,9
1657854079,27415194,1,1,1,26,8,2
1657854024,54000624,1,1,1,7,5,8
1657854012,653114443,1,1,1,5,11,4
1657854045,74635382,1,1,1,31,4,2
1657854073,653190196,1,1,1,3,10,22
1657853902,27363156,1,1,1,3,15,4
1657853947,39776330,1,1,1,5,11,1
1657853878,54000594,1,1,1,18,8,1
1657854007,66491373,1,1,1,2,13,3
1657853797,66491409,1,1,1,14,2,4
1657854043,82583924,1,1,1,2,23,4
1657853796,124183944,1,1,1,38,11,0
1657853729,27363389,1,1,1,16,7,6
1657854044,653184632,1,1,1,14,9,10
1657854002,102751453,1,1,1,15,12,0
1628171945,16206691682,0,0,0,0,0,0
1657816732,35263507,1,1,1,21,0,1
1657854011,58086242,1,1,1,0,3,7
1657853994,82440673,1,1,1,30,9,11
1657853980,27399547,1,1,1,0,14,6
1657854054,54000610,1,1,1,25,39,4
1657853847,13356269,1,1,1,30,1,0
1657853994,54000583,1,1,1,12,14,10
1657853755,63279,1,1,1,12,3,1
1657853867,125918662,1,1,1,12,1,4
1657854037,15163771,1,1,1,1,26,2
1657853754,82571023,1,1,1,34,4,7
1657853814,100893610,1,1,1,60,0,0
1657853977,27363205,1,1,1,27,3,4
1657853746,653197206,1,1,1,9,8,7
1657854020,27415256,1,1,1,0,29,3
1657853813,101488317,1,1,1,27,3,3
1657854000,6497,1,1,1,11,3,6
1657853954,653118283,1,1,1,21,4,0
1657853878,117480156,1,1,1,36,4,0
1657853920,124167835,1,1,1,0,1,17
1657854063,74858883,1,1,1,3,18,10
1657853939,66491384,1,1,1,7,16,12
1657853955,102748267,1,1,1,10,12,3
1657853927,28233012,1,1,1,25,0,3
1657853505,27415371,1,1,1,20,7,7
1657854073,49829553,1,1,1,4,19,7
1657853973,128884445,1,1,1,64,0,0
1657853996,37848502,1,1,1,1,8,14
1657854066,54000552,1,1,1,27,1,1
1657854056,102752610,1,1,1,5,4,19
1657853840,82335295,1,1,1,20,5,4
1657853859,66491382,1,1,1,11,12,13
1657853763,124176568,1,1,1,11,0,3
1657853810,39882420,1,1,1,3,5,13
1657853814,27415360,1,1,1,13,4,2
1657854022,82588494,1,1,1,6,9,13
1657853978,125542925,1,1,1,17,10,9
1657853936,54000547,1,1,1,32,2,0
1657853608,82425449,1,1,1,48,0,2
1657854088,7234,1,1,1,6,12,10
1657853508,85160045,1,1,1,21,1,3
1657853921,35816213,1,1,1,31,0,0
1657854041,82408364,1,1,1,20,14,4
1657853955,653190279,1,1,1,6,10,4
1657853567,82551956,1,1,1,21,8,3
1657854039,66491372,1,1,1,33,12,14
1657853997,82413301,1,1,1,27,2,9
1657853855,80077998,1,1,1,8,6,3
1657854010,13248144,1,1,1,3,15,14
1657854062,54000568,1,1,1,22,21,5
1657853625,39311270,1,1,1,29,1,0
1657854051,54000631,1,1,1,15,3,7
1657853606,99840124,1,1,1,35,6,0
1657854043,54000623,1,1,1,20,1,5
1657854078,653121023,1,1,1,18,7,0
1657854027,76507850,1,1,1,19,1,13
1657854083,101010226,1,1,1,59,6,0
1657853885,653194214,1,1,1,3,9,7
1657854067,11375742,1,1,1,5,12,7
1657853859,27415083,1,1,1,51,0,1
1657854054,27415333,1,1,1,41,1,13
1657853584,66491369,1,1,1,41,2,2
1657853982,27363397,1,1,1,11,6,2
1657854027,39878420,1,1,1,11,4,5
1657853771,27363504,1,1,1,23,2,4
1657854048,27414932,1,1,1,27,8,3
1657853969,14623073464,1,1,1,41,2,3
1657854016,82588656,1,1,1,23,23,7
1657854008,35471668,1,1,1,10,3,16
1657853994,27415500,1,1,1,0,23,2
1657854085,11580442,1,1,1,0,15,2
1657853911,99798962,1,1,1,30,4,1
1657853844,66507230,1,1,1,0,14,4
1657853796,125881065,1,1,1,26,0,4
1657854035,54000627,1,1,1,0,11,10
1657854033,121086415,1,1,1,24,0,0
1657854012,84961467,1,1,1,42,8,3
1657854083,54000629,1,1,1,17,15,4
1657854078,27415004,1,1,1,0,30,5
1657853983,27415128,1,1,1,5,7,8
1657854063,27414937,1,1,1,7,21,9
1657854046,42588096,1,1,1,22,3,3
1657854009,100227241,1,1,1,34,2,0
1657853809,2254322638,1,1,1,5,7,13
1657853860,15377776,1,1,1,33,1,0
1657853991,70736110,1,1,1,23,7,3
1627636430,16210188070,0,0,0,0,0,0
1627545043,16210512714,0,0,0,0,0,0
1657853798,11063317380,1,1,1,7,10,1
1657853909,121160813,1,1,1,18,2,6
1657853563,66491388,1,1,1,29,1,2
1650555662,16043228469,0,0,0,0,0,0
1650556299,16043282800,0,0,0,0,0,0
1657853760,15189890802,1,1,1,22,0,2
1657854013,16043242148,1,1,1,1,8,17
1657853919,16043316164,1,1,1,24,1,2
1657853752,54000628,1,1,1,42,9,5
1657854055,15187848239,1,1,1,2,22,6
1657853923,129095489,1,1,1,23,1,4
1657854032,1057383154,1,1,1,4,38,7
1657853736,218903767,1,1,1,50,7,5
1657853956,37647,1,1,1,27,1,1
1657853770,523900881,1,1,1,46,9,2
1657853842,54000555,1,1,1,31,0,1
1657853968,54000621,1,0,0,56,0,0
1657853973,214097180,1,1,1,0,16,8
1657853968,54000556,1,1,1,12,6,8
1657854071,2515618216,1,1,1,28,0,0
1657854071,1057387136,1,1,1,12,14,3
1657854063,11908488283,1,1,1,8,11,6
1657854020,85123644,1,1,1,9,7,10
1657853498,100863462,1,1,1,61,2,0
1657853998,253357936,1,1,1,14,36,7
1657854078,42517412,1,1,1,15,0,9
1657853569,54000551,1,1,1,13,0,1
1593435140,213699079,1,0,0,67,0,0
1657853855,10647548670,1,1,1,13,3,5
1657853920,15066765479,1,1,1,22,7,12
1657854052,10647608657,1,1,1,9,9,10
1657853903,213676294,1,1,1,1,12,8
1657854078,95073815,1,1,1,37,0,1
1558939179,16134135570,0,0,0,0,0,0
1558938134,16134083337,0,0,0,0,0,0
1657853802,11266280626,1,1,1,21,1,10
1657853827,49039283,1,1,1,18,0,0
1657853896,35642049,1,1,1,0,8,5
1657854029,11851012506,1,1,1,5,20,10
1627456205,16379269732,0,0,0,0,0,0
1657854065,27033125,1,1,1,11,0,2
1657853981,13341879803,1,1,1,2,11,12
1657853844,1074347188,1,1,1,7,12,1
1657853496,2515774908,1,1,1,16,2,5
1657854020,84986959,1,1,1,49,4,4
1657854025,11851103861,1,1,1,19,1,5
1657853844,12806084887,1,1,1,38,2,4
1657854017,123546861,1,1,1,20,1,5
1657853822,12943772652,1,1,1,19,6,6
1657853702,12948189248,1,1,1,18,7,5
1657853942,15826185972,1,1,1,12,2,2
1657853982,82423726,1,1,1,35,27,5
1657854005,252301607,1,1,1,18,2,1
1657854069,12959947458,1,1,1,16,2,4
1657853939,210581084,1,1,1,42,1,0
1657853980,101013666,1,1,1,20,3,10
1657853597,34742973,1,1,1,15,5,2
1657854019,11437761399,1,1,1,1,12,20
1657854010,11438116799,1,1,1,12,21,6
1657854062,11437961617,1,1,1,5,8,13
1657853619,11438049493,1,1,1,27,2,1
1657853837,11437651826,1,1,1,2,11,16
1657853904,11004720021,1,1,1,1,15,11
1657853775,102335085,1,1,1,0,19,12
1653472786,11437706131,0,0,0,26,0,0
1657853840,13373712848,1,1,1,24,0,0
1657853960,13373848216,1,1,1,14,4,8
1657854043,13373801574,1,1,1,2,3,23
1657854069,13373758036,1,1,1,19,4,4
1657854029,368766689,1,1,1,9,9,4
1657853839,129026597,1,1,1,20,0,2
1657853554,394404659,1,1,1,42,1,2
1657854013,478732841,1,1,1,15,0,1
1657853867,1062807847,1,1,1,22,17,2
1657853937,82402482,1,1,1,37,11,6
1657853962,129088667,1,1,1,17,22,1
1657853990,516395829,1,1,1,13,0,1
1657853854,54000604,1,1,1,25,4,6
1657853963,43247738,1,1,1,8,6,21
1657853988,102311820,1,1,1,21,2,12
1657853787,315022587,1,1,1,64,2,1
