"last_reported","station_id","is_installed","is_returning","is_renting","dock_available","mechanical_available","electric_available"
1657832439,213688169,1,1,1,29,2,4
1657832217,653222953,1,1,1,5,2,21
1657832425,516709288,1,1,1,15,1,3
1657832173,36255,1,1,1,21,0,0
1657832136,37815204,1,1,1,23,2,4
1657832294,100769544,1,1,1,30,12,3
1657832375,85002689,1,1,1,51,5,1
1657832173,123095125,1,1,1,50,5,0
1657832305,120827885,1,1,1,8,2,2
1657832131,251039991,1,1,1,22,0,3
1657832211,37874517,1,1,1,18,1,2
1657832409,66491398,1,1,1,41,4,2
1657831937,210403080,1,1,1,22,0,1
1657832356,210561800,1,1,1,3,9,3
1657831994,209063434,1,1,1,29,0,1
1657832164,94555589,1,1,1,22,2,3
1657832431,244498842,1,1,1,17,18,12
1657832194,43195240,1,1,1,20,4,1
1657832279,210405211,1,1,1,7,8,4
1657832042,501862076,1,1,1,16,1,3
1657832418,54000559,1,1,1,34,3,2
1657832345,207633746,1,1,1,40,5,5
1657832093,85043758,1,1,1,31,4,1
1657832442,210566542,1,1,1,32,14,13
1657832376,437597018,1,1,1,7,11,8
1657832349,210565680,1,1,1,0,22,12
1657832373,210397939,1,1,1,14,2,1
1657832168,82405965,1,1,1,28,11,2
1657832406,213682736,1,1,1,49,2,0
1657832393,80101533,1,1,1,30,1,4
1657832128,54000581,1,1,1,27,6,1
1657832187,13105968,1,1,1,19,0,1
1657831866,653208733,1,1,1,34,0,4
1657832413,27415224,1,1,1,20,11,1
1657832253,907054879,1,1,1,1,13,5
1657832225,129094535,1,1,1,28,11,1
1657832312,54000612,1,1,1,26,6,9
1657832373,128986726,1,1,1,6,13,13
1657832291,599135701,1,1,1,27,9,8
1657832418,102747146,1,1,1,7,12,7
1657832399,2515403527,1,1,1,12,12,6
1657832108,653132534,1,1,1,22,2,1
1657832376,506455295,1,1,1,13,0,3
1657832438,1057149522,1,1,1,6,9,7
1657832359,210567545,1,1,1,3,11,4
1657832436,2515085147,1,1,1,13,6,2
1657832304,653197324,1,1,1,9,7,8
1657832232,210408693,1,1,1,24,1,0
1657832136,42950839,1,1,1,16,0,0
1657832373,14813797734,1,1,1,12,3,13
1657831965,88230992,1,1,1,26,1,3
1657832435,499303158,1,1,1,9,17,3
1657832066,27415302,1,1,1,25,1,0
1657831907,27414512,1,1,1,38,1,1
1657832433,210580039,1,1,1,16,1,0
1657832262,49474389,1,1,1,8,6,9
1657832389,128940135,1,1,1,4,7,8
1657832214,35149611,1,1,1,11,2,1
1657832280,1057296253,1,1,1,10,45,4
1657832342,210570888,1,1,1,4,16,0
1657832370,129107656,1,1,1,16,2,6
1657832204,1057228658,1,1,1,10,8,3
1657832164,230873471,1,1,1,10,4,7
1657832227,507934805,1,1,1,8,12,4
1657831896,205047993,1,1,1,42,3,1
1657832402,39799329,1,1,1,29,3,2
1657832432,129164969,1,1,1,31,15,3
1657832423,128989986,1,1,1,17,7,4
1657832174,129004826,1,1,1,14,0,3
1657832386,518825709,1,1,1,20,0,1
1657832321,128930462,1,1,1,21,3,3
1657832248,911767210,1,1,1,21,1,0
1657832130,54000565,1,1,1,25,0,1
1657831951,210586093,1,1,1,21,1,1
1657832275,7254,1,1,1,22,2,0
1657832048,369644630,1,1,1,30,2,0
1657832421,214114469,1,1,1,6,21,3
1657832435,128887067,1,1,1,17,1,0
1657832422,55927887,1,1,1,0,29,4
1657831985,210574471,1,1,1,10,1,3
1657831972,72765603,1,1,1,17,2,1
1657832415,210582921,1,1,1,10,3,1
1657832134,43255030,1,1,1,46,2,0
1657832122,129025451,1,1,1,26,1,0
1657832230,128920403,1,1,1,26,0,1
1657832259,323616530,1,1,1,10,4,1
1657832006,208795867,1,1,1,14,1,2
1657832270,1062192012,1,1,1,2,4,26
1657832412,6296,1,1,1,14,3,0
1657832240,521393180,1,1,1,6,11,4
1657832219,576188379,1,1,1,11,8,4
1657832297,82567101,1,1,1,18,2,1
1652812373,102290754,1,0,0,24,0,0
1657832411,457813746,1,1,1,13,2,1
1657832422,128882438,1,1,1,16,18,5
1657832365,50191171,1,1,1,18,1,3
1657832058,129014600,1,1,1,29,0,2
1657832307,3906153622,1,1,1,12,2,2
1657832247,129087587,1,1,1,38,0,2
1657832379,213693511,1,1,1,21,1,0
1657832068,82379648,1,1,1,30,1,0
1657832295,66491397,1,1,1,50,3,5
1657832083,907081682,1,1,1,0,0,0
1657832397,230877798,1,1,1,32,1,0
1657832333,128915891,1,0,0,33,0,0
1657832373,2515995748,1,1,1,20,0,2
1657832424,27363162,1,1,1,0,16,6
1657832080,129021753,1,1,1,15,1,1
1657831860,210740080,1,1,1,47,0,0
1657832170,54000569,1,1,1,36,0,1
1657832419,80216231,1,1,1,36,1,2
1657832257,336511521,1,1,1,17,0,0
1657832241,129043651,1,1,1,12,9,2
1657832444,82562556,1,1,1,29,15,4
1657832270,129048000,1,1,1,32,9,5
1657832273,1062250686,1,1,1,23,3,9
1657832383,261987383,1,1,1,26,0,0
1657832376,813544903,1,1,1,27,2,0
1657832386,126050442,1,1,1,19,3,1
1657832169,27363489,1,1,1,20,3,4
1657832076,39296638,1,1,1,31,3,0
1657832309,205938683,1,1,1,39,9,4
1657832433,210399835,1,1,1,36,1,2
1657832331,1057324291,1,1,1,56,2,0
1657832429,102324803,1,1,1,36,0,4
1657832309,101763163,1,1,1,10,1,1
1657832271,653133605,1,1,1,2,32,7
1657832000,3906094706,1,1,1,24,4,3
1657832204,27414578,1,1,1,16,0,0
1657832209,508042092,1,1,1,6,19,8
1657831933,42603855,1,1,1,15,0,2
1657832413,818302209,1,1,1,43,4,1
1657832292,13718041,1,1,1,20,1,3
1657832227,265464297,1,1,1,47,1,2
1657832393,1057392676,1,1,1,7,17,9
1657832399,102309973,1,1,1,38,3,1
1657832404,532054446,1,1,1,52,6,0
1657832322,129034587,1,1,1,16,0,0
1657832447,314829539,1,1,1,29,4,16
1657832125,586539770,1,1,1,19,1,2
1657832387,3906335682,1,1,1,23,1,1
1657831943,583539396,1,1,1,18,2,6
1657831955,101753100,1,1,1,11,1,4
1657832429,27415466,1,1,1,9,2,11
1657832432,52393,1,1,1,45,1,4
1657832398,81081358,1,1,1,32,4,3
1657832169,66491385,1,1,1,12,8,5
1657832098,209057581,1,1,1,15,0,3
1657832443,66491389,1,1,1,42,7,6
1657832029,213684314,1,0,0,25,0,0
1657832385,210749865,1,1,1,0,6,12
1657832372,535500589,1,1,1,32,29,2
1657832283,597245295,1,1,1,20,8,6
1657832429,235513935,1,1,1,25,0,2
1657831878,27206194,1,1,1,10,2,7
1657832445,102323152,1,1,1,19,0,0
1657832410,129060764,1,1,1,9,18,0
1657832401,828134511,1,1,1,28,1,3
1657832261,586649404,1,1,1,14,7,3
1657832327,596813170,1,1,1,9,1,5
1657832414,596872103,1,1,1,28,0,2
1657832368,271426439,1,1,1,13,2,2
1657832278,27363187,1,1,1,44,0,0
1657832306,76199461,1,1,1,28,2,2
1657832178,230952057,1,1,1,8,21,3
1657832326,37815993,1,1,1,19,13,3
1657832001,88140066,1,1,1,62,1,2
1657832145,213683101,1,1,1,14,0,4
1657832384,213684750,1,1,1,23,6,4
1657832110,129067920,1,1,1,36,2,1
1657832362,2515049357,1,1,1,22,0,2
1657832429,27364743,1,1,1,17,2,0
1657832401,102314792,1,1,1,26,1,5
1657832195,35447568,1,1,1,21,0,2
1657832385,129038848,1,1,1,16,0,0
1657832375,27415736,1,1,1,11,14,4
1657832366,583178525,1,1,1,17,0,3
1657832427,2514995690,1,1,1,23,3,4
1657832296,82387816,1,1,1,28,3,1
1657832432,213685090,1,1,1,1,24,4
1657832106,301841024,1,1,1,20,6,4
1657832335,66491402,1,1,1,29,0,3
1657832411,213679512,1,1,1,14,6,4
1657832169,588452142,1,1,1,22,1,1
1657832425,85147829,1,1,1,11,12,1
1657832245,213681356,1,1,1,17,4,0
1657832284,2515351285,1,1,1,11,13,2
1657831903,213685514,1,1,1,13,7,3
1657832371,102329800,1,1,1,19,6,2
1657831868,54000625,1,1,1,31,0,2
1657832408,572566600,1,1,1,13,9,7
1657832045,213911772,1,1,1,53,2,2
1657832409,129132870,1,1,1,13,9,1
1657832357,620403530,1,1,1,2,10,8
1657832396,66491378,1,1,1,9,35,5
1657832294,631773910,1,1,1,1,20,5
1657831995,1765749389,1,1,1,9,6,1
1657831997,611152693,1,1,1,14,4,10
1657832205,235241110,1,1,1,44,10,6
1657832419,613737748,1,1,1,16,5,10
1657832435,41498023,1,1,1,23,0,0
1657832385,1062671597,1,1,1,17,2,4
1657832301,213945171,1,1,1,14,0,8
1657832281,463297497,1,1,1,18,0,2
1657832422,213875650,1,1,1,6,13,5
1657832363,245187072,1,1,1,19,1,0
1657832273,129144878,1,1,1,12,11,6
1657832440,27415665,1,1,1,28,9,3
1657832336,593238093,1,1,1,23,0,1
1657832326,102331767,1,1,1,24,6,3
1657832447,37791,1,1,1,27,4,2
1657832227,50156117,1,1,1,20,1,2
1657832385,15462236,1,1,1,28,1,3
1657831894,129093478,1,1,1,21,6,1
1657831868,35908,1,1,1,18,1,0
1657832411,210744286,1,1,1,32,8,3
1657832170,101024234,1,1,1,19,30,7
1657832283,213992316,1,1,1,48,0,2
1657832142,213694482,1,1,1,14,1,5
1657832384,210573120,1,0,0,32,1,0
1657832445,129011497,1,1,1,18,3,3
1657832413,101743895,1,1,1,4,31,29
1657832064,213691848,1,1,1,39,1,2
1657832239,210396518,1,1,1,12,1,3
1657832334,97677210,1,1,1,43,2,1
1657832272,39254792,1,1,1,41,5,4
1657832374,213683992,1,1,1,10,29,12
1657831959,54000601,1,1,1,14,2,2
1657832434,27362896,1,1,1,23,2,0
1657832397,213687140,1,1,1,10,12,11
1657832420,235599121,1,1,1,14,7,1
1657831894,213680917,1,1,1,23,1,1
1657832179,1057774603,1,1,1,27,1,3
1657832427,213688462,1,1,1,20,10,8
1657832401,102749572,1,1,1,26,19,6
1657832444,549876068,1,1,1,13,14,17
1657832428,390212609,1,1,1,5,14,11
1657832260,63498079,1,1,1,24,0,1
1657832362,102338493,1,1,1,25,0,3
1657832210,875078767,1,1,1,12,2,5
1657832264,1558958733,1,1,1,20,4,3
1657831864,2515802454,1,1,1,21,3,2
1657832222,648227675,1,1,1,34,0,6
1657832426,42566291,1,1,1,34,0,0
1657832156,1062206433,1,1,1,14,1,5
1657734759,129032910,1,1,1,47,3,2
1657832178,647826568,1,1,1,30,1,0
1657832441,54000577,1,1,1,10,11,5
1657832227,54001024,1,1,1,49,0,1
1657832342,94250567,1,1,1,5,44,3
1657832367,129078200,1,1,1,21,4,3
1657832099,649888071,1,1,1,1,15,3
1657832446,82563707,1,1,1,25,3,4
1657832404,129143598,1,1,1,24,2,0
1657832397,213690847,1,1,1,29,6,1
1657832086,102333275,1,1,1,18,11,4
1657832433,640629438,1,1,1,2,7,13
1657832413,82328045,1,1,1,12,4,3
1657832316,27363362,1,1,1,19,0,0
1657832302,237624030,1,1,1,33,3,0
1657832350,213957917,1,1,1,19,3,5
1657832353,54000626,1,1,1,12,7,2
1657832369,6399,1,1,1,24,3,5
1657832417,210746090,1,1,1,45,2,2
1657832407,27414841,1,1,1,27,0,0
1657832239,82253759,1,1,1,8,12,7
1657832314,82457375,1,1,1,6,13,11
1657832213,54000609,1,1,1,31,1,1
1515739220,27415512,1,0,0,35,0,0
1657832248,49859500,1,1,1,11,6,0
1657832403,214139374,1,1,1,11,7,10
1657832304,213702608,1,1,1,16,2,1
1657832008,54000553,1,0,0,35,0,0
1657832426,559507144,1,1,1,22,3,0
1657832108,213700358,1,1,1,16,2,2
1657832411,653063170,1,1,1,16,9,13
1657832305,3906215030,1,1,1,35,1,2
1657832378,129151834,1,1,1,33,2,6
1657832388,237041013,1,1,1,17,0,1
1657832301,653200142,1,1,1,32,1,3
1657831940,650091839,1,1,1,2,17,5
1657832444,362869414,1,1,1,3,16,6
1657832422,55664548,1,1,1,23,5,6
1657832444,100859941,1,1,1,4,24,23
1657832206,49368561,1,1,1,52,1,5
1657832323,42743053,1,1,1,34,1,0
1657832335,213699913,1,1,1,20,0,2
1657832288,101740379,1,1,1,28,11,4
1657832415,4329844165,1,1,1,29,2,1
1657832259,213694069,1,1,1,20,2,3
1655990886,214134714,1,0,0,26,0,0
1657832443,468843711,1,1,1,16,7,0
1657831995,378626842,1,1,1,48,0,1
1657832359,27414945,1,1,1,9,7,0
1657832085,210090269,1,1,1,50,5,3
1657832445,376664868,1,1,1,25,2,2
1657832354,2515927759,1,1,1,6,7,14
1657832332,205955605,1,1,1,32,2,0
1657832437,933214552,1,1,1,11,11,2
1657832169,66491370,1,1,1,16,10,2
1657832381,353462947,1,1,1,22,3,3
1657832385,1559700274,1,1,1,11,9,0
1657832263,39217683,1,1,1,23,4,1
1657832435,213688824,1,1,1,4,13,15
1657832420,82337423,1,1,1,29,4,14
1657831877,66491404,1,1,1,16,3,1
1657831976,652120758,1,1,1,56,1,2
1657832179,66491393,1,1,1,41,2,1
1657832072,1062223873,1,1,1,20,1,1
1657832274,49085250,1,1,1,12,2,2
1657832015,376526598,1,1,1,46,0,1
1657832292,27071684,1,1,1,18,14,1
1657832226,2515907297,1,1,1,15,1,2
1657832364,66491401,1,1,1,40,15,1
1657832436,341388492,1,1,1,37,4,4
1657832438,985828965,1,1,1,0,34,5
1657832444,338762459,1,1,1,23,4,2
1657832425,323486248,1,1,1,9,7,0
1657832270,66491392,1,1,1,41,2,0
1657832278,478952881,1,1,1,10,8,6
1657832085,501318622,1,1,1,15,1,7
1657832390,38263504,1,1,1,17,2,5
1657832315,470807791,1,1,1,23,5,4
1657832446,82445192,1,1,1,18,9,11
1657832422,2515658032,1,1,1,16,1,1
1657832249,568135465,1,1,1,38,0,1
1657831954,570185777,1,0,0,35,0,0
1657832424,214102967,1,1,1,34,7,0
1657832350,54000597,1,1,1,15,6,1
1657832291,82417874,1,1,1,39,12,4
1657832444,102319838,1,1,1,13,1,0
1657832369,652192395,1,1,1,55,6,4
1657832172,571923059,1,1,1,40,2,5
1657832348,66491405,1,1,1,17,5,3
1657832421,54000635,1,1,1,27,2,3
1657832336,54000544,1,1,1,21,16,1
1657831932,1062179194,1,1,1,18,4,3
1657832066,1063017616,1,1,1,20,0,2
1657832438,378648513,1,1,1,25,6,3
1657832434,27278603,1,1,1,16,2,4
1657832010,13497763,1,1,1,20,2,1
1657825196,653042442,1,1,1,21,14,5
1657832314,49807107,1,1,1,10,8,0
1657832384,82450803,1,1,1,49,7,0
1657832423,210747224,1,1,1,31,14,2
1657832385,210568512,1,1,1,53,4,2
1657832120,213691542,1,1,1,47,0,3
1657832349,357409723,1,1,1,5,14,11
1657832436,2515855808,1,1,1,29,3,2
1657832295,384370499,1,1,1,15,3,7
1657832353,49403716,1,1,1,3,16,6
1657832359,54000571,1,1,1,44,7,2
1657832411,473204291,1,1,1,33,1,0
1657832436,27363103,1,1,1,24,8,0
1657832360,85145704,1,1,1,19,1,5
1657832417,653044270,1,1,1,15,1,1
1657832058,26958435,1,1,1,23,0,2
1657832277,6385,1,1,1,22,0,0
1657831997,213857398,1,1,1,14,0,0
1657832103,82550925,1,1,1,25,7,4
1657832106,27363096,1,1,1,2,26,4
1657832433,85165045,1,1,1,7,14,2
1657832440,129119449,1,1,1,4,8,7
1657832386,475524450,1,1,1,19,1,3
1657832330,653048150,1,1,1,31,7,2
1657832416,244400797,1,1,1,16,1,3
1657832176,213922790,1,1,1,43,1,5
1657832438,129001431,1,1,1,30,0,1
1657832130,210753033,1,1,1,3,9,1
1657832197,653203262,1,1,1,19,5,2
1657832281,406806401,1,1,1,6,17,4
1657832214,85143075,1,1,1,25,2,3
1657832412,1063035479,1,1,1,10,1,11
1657832388,54000595,1,1,1,20,12,3
1657832260,82571110,1,1,1,1,7,17
1657832377,54000582,1,1,1,8,7,11
1657831856,217235307,1,1,1,23,1,1
1657832431,210748575,1,1,1,33,11,7
1657832423,82421994,1,1,1,15,14,4
1657832252,214123470,1,1,1,8,14,4
1657832316,129086648,1,1,1,32,7,3
1657832409,217572769,1,1,1,24,1,1
1657832309,214298601,1,1,1,22,1,0
1657832446,129125489,1,1,1,18,0,3
1657832151,214122655,1,1,1,21,7,3
1657832321,15461933,1,1,1,15,1,0
1657832404,82458977,1,1,1,17,1,4
1657832334,129077035,1,1,1,20,15,16
1657832366,221047138,1,1,1,14,0,4
1657832261,15308782,1,1,1,31,1,1
1657832372,216473073,1,1,1,15,1,2
1657832441,37521,1,1,1,8,0,6
1642540077,35196898,1,0,0,27,0,0
1657832439,653046029,1,1,1,4,27,5
1657832381,2515976231,1,1,1,11,5,4
1657832220,129103849,1,1,1,19,1,0
1657832346,1057009034,1,1,1,11,3,13
1657832402,82334007,1,1,1,38,9,0
1657832340,214146056,1,1,1,13,13,2
1657832418,85008390,1,1,1,61,6,3
1657832406,216039437,1,1,1,4,7,13
1657832193,215495494,1,1,1,43,2,1
1657832366,43155320,1,1,1,44,1,0
1657832141,129130397,1,1,1,13,5,2
1657832160,653129412,1,1,1,22,3,6
1657832314,54000634,1,1,1,20,2,3
1657832335,419381597,1,1,1,35,13,0
1657832443,54000548,1,1,1,20,3,5
1657832423,54000466,1,1,1,26,1,2
1657832253,426772876,1,1,1,21,7,3
1657832396,74620630,1,1,1,20,2,4
1657832270,129091653,1,1,1,27,5,2
1657832391,100905057,1,1,1,22,0,0
1657832421,129134084,1,1,1,7,6,11
1657832226,210754072,1,1,1,24,8,3
1657832440,419991048,1,1,1,33,15,2
1657832414,2820744873,1,1,1,28,1,1
1657832112,213676825,1,1,1,38,9,3
1657832284,15299574,1,1,1,19,28,2
1657832080,41566122,1,1,1,37,6,11
1657832047,963786819,1,1,1,22,4,4
1657832333,427678168,1,1,1,40,2,2
1657832147,976762284,1,1,1,24,2,1
1657832395,213686196,1,1,1,7,1,10
1657832381,11004671601,1,1,1,15,4,5
1657832395,27414601,1,1,1,40,0,1
1657832045,129036192,1,1,1,9,1,1
1657832384,82421013,1,1,1,31,2,2
1657831880,434419150,1,1,1,34,1,1
1657832420,252339799,1,1,1,18,9,1
1657832430,224589573,1,1,1,13,3,2
1657832446,220502135,1,1,1,12,18,6
1657831906,129114993,1,1,1,19,10,3
1657832247,129124069,1,1,1,19,0,2
1657832321,221094844,1,1,1,16,0,3
1657831908,220726050,1,1,1,47,4,2
1657832301,254224239,1,1,1,53,7,2
1657832363,1805401614,1,1,1,18,6,2
1657832190,129116697,1,1,1,19,0,0
1657832413,977409509,1,1,1,29,4,5
1657832299,653055049,1,1,1,15,7,13
1657832419,221041655,1,1,1,47,8,1
1657832221,1057769632,1,1,1,20,6,0
1657832355,1333959209,1,1,1,12,1,6
1657832041,213690256,1,1,1,43,1,2
1657832231,476183970,1,1,1,36,1,0
1657832434,632007124,1,1,1,33,1,1
1657832404,977206088,1,1,1,11,10,9
1657832408,213868408,1,1,1,17,4,9
1657832131,129061615,1,1,1,18,13,1
1657832124,43165673,1,1,1,28,6,3
1657832225,82381710,1,1,1,11,1,0
1657832411,224598098,1,1,1,39,6,6
1657832164,10968855,1,1,1,15,2,2
1657832416,82508970,1,1,1,9,7,10
1657832117,653055097,1,1,1,21,0,1
1657832329,221038698,1,1,1,20,4,2
1657832270,27246227,1,1,1,23,0,1
1657832389,63297,1,1,1,1,14,6
1657832372,95927849,1,1,1,2,15,6
1657831870,102341385,1,1,1,21,1,1
1657832314,54000605,1,1,1,28,7,4
1657832431,979059925,1,1,1,24,1,2
1657832330,6512,1,1,1,14,0,1
1657832443,27363323,1,1,1,28,2,3
1657832154,85118872,1,1,1,32,2,4
1657832392,102289046,1,1,1,3,14,5
1657831965,124402232,1,1,1,28,9,3
1657832426,985086307,1,1,1,8,10,5
1657832271,27415327,1,1,1,22,1,3
1657832431,100798076,1,1,1,15,6,0
1657832341,15298647,1,1,1,33,2,0
1657832393,1063404053,1,1,1,12,1,6
1613034881,76199110,1,0,0,0,0,0
1657832210,54000598,1,1,1,23,1,1
1657832416,2515829865,1,1,1,8,3,10
1657832389,989753852,1,1,1,17,3,0
1657832166,990000217,1,1,1,3,7,5
1657832438,121025345,1,1,1,12,1,0
1657832167,213692714,1,1,1,22,0,2
1657832439,82577019,1,1,1,26,2,1
1657832294,39256416,1,1,1,43,1,3
1657832277,255207155,1,1,1,16,1,3
1657831924,63769334,1,1,1,35,1,2
1657832380,129136818,1,1,1,9,0,10
1657832257,27415469,1,1,1,19,4,1
1657832329,39599631,1,1,1,5,8,10
1657832344,84979504,1,1,1,23,2,0
1657831966,37936869,1,1,1,35,0,0
1657832369,85120104,1,1,1,1,8,5
1657832181,653059015,1,1,1,24,6,1
1657832412,101748685,1,1,1,26,11,5
1657832429,54000608,1,1,1,43,5,0
1657832125,653080986,1,1,1,6,0,1
1657832264,102743096,1,1,1,27,0,0
1657832445,66491394,1,1,1,38,1,2
1657832386,126175087,1,1,1,21,0,3
1657832404,101746493,1,1,1,2,25,25
1657832307,27363137,1,1,1,20,0,2
1657832214,339797666,1,1,1,18,4,3
1657832415,1968156458,1,1,1,5,28,0
1657832181,82404497,1,1,1,27,5,0
1657832277,991351798,1,1,1,22,0,1
1657832213,7304,1,1,1,14,1,0
1657832429,54000592,1,1,1,26,8,2
1657832347,54000572,1,1,1,11,8,1
1657832374,15409531,1,1,1,11,1,1
1657832336,29327,1,1,1,7,8,6
1657832358,36298,1,1,1,13,1,1
1657832412,37903195,1,1,1,3,14,8
1657831982,102313219,1,1,1,22,7,4
1657832282,100906707,1,1,1,29,9,1
1657831969,624177860,1,1,1,48,0,2
1657832247,66491407,1,1,1,19,1,1
1657832280,27369223,1,1,1,0,13,4
1657832446,102336814,1,1,1,1,13,5
1657832444,484423835,1,1,1,20,3,1
1657832279,54000618,1,1,1,13,6,0
1657831979,653059879,1,1,1,17,16,7
1657832168,210583589,1,1,1,26,3,2
1657832181,653050378,1,1,1,20,11,2
1657832438,15291968,1,1,1,2,2,11
1657831939,126354477,1,1,1,18,0,1
1657832434,15387809,1,1,1,35,23,3
1657832442,1002059045,1,1,1,19,2,4
1657832326,1002738770,1,1,1,18,3,3
1657832269,100918666,1,1,1,16,3,1
1657832292,213987795,1,1,1,27,8,5
1657832417,15397468,1,1,1,16,27,4
1657832261,129101773,1,1,1,34,6,3
1657832381,84966359,1,1,1,24,2,0
1657832201,42908639,1,1,1,28,0,1
1657832226,125469898,1,1,1,32,0,1
1657832183,35137730,1,1,1,46,2,2
1657832447,52329,1,1,1,15,20,2
1657832430,42499285,1,0,0,43,0,0
1657831932,85162552,1,1,1,29,11,4
1655504532,88235134,1,0,0,46,0,1
1657832349,2515738489,1,1,1,4,13,2
1657832206,256561528,1,1,1,23,15,4
1657831955,452920451,1,1,1,22,0,1
1657832444,37920,1,1,1,22,8,4
1657832445,54000588,1,1,1,30,13,22
1657832429,1020700136,1,1,1,11,6,3
1657832173,100855693,1,1,1,25,1,0
1657831963,54000549,1,1,1,5,4,7
1657832229,54000586,1,1,1,28,1,3
1657832426,102304517,1,1,1,43,2,1
1657832440,128889359,1,1,1,29,2,6
1657832242,54000546,1,1,1,30,0,2
1657831970,129042700,1,1,1,50,6,1
1657832395,101761298,1,1,1,20,16,8
1657832413,912377361,1,1,1,29,11,3
1657832403,256124192,1,1,1,35,2,4
1657832296,27364581,1,1,1,22,3,0
1657832406,653127524,1,1,1,16,9,5
1657832217,2515686699,1,1,1,21,0,4
1657832447,210737808,1,1,1,19,3,4
1657789504,259977414,1,1,1,1,16,2
1657831895,82568336,1,1,1,21,1,4
1657832092,1021176825,1,1,1,12,8,2
1657832208,54000611,1,1,1,21,0,3
1657832034,66491408,1,1,1,28,0,4
1657832240,100872260,1,1,1,26,12,3
1657832157,36151,1,1,1,15,0,1
1657832273,213848056,1,1,1,7,32,13
1657832445,452936197,1,1,1,25,28,7
1657832357,54000545,1,1,1,27,27,10
1657832366,66505511,1,1,1,11,14,3
1657832425,224256188,1,1,1,13,4,12
1657832420,66491386,1,1,1,18,25,13
1657832406,1023083417,1,1,1,17,1,1
1657832389,54000539,1,1,1,32,2,2
1657832092,1025995767,1,1,1,2,12,7
1657832263,101490103,1,1,1,23,0,0
1657832416,82432573,1,1,1,40,3,4
1657832387,1021553839,1,1,1,33,0,1
1657832381,54000541,1,1,1,26,2,0
1657832447,653065577,1,1,1,30,0,0
1657832193,1034242363,1,1,1,33,0,0
1657832400,335780498,1,1,1,25,2,2
1657832255,256403519,1,1,1,19,0,0
1657832198,484387018,1,1,1,28,0,2
1657832359,544249939,1,1,1,1,26,22
1657832056,1035816937,1,1,1,20,2,5
1657832129,66507229,1,1,1,19,6,1
1657832444,27415012,1,1,1,6,35,25
1657832209,263610599,1,1,1,34,4,7
1657832162,49772483,1,1,1,17,0,1
1657832252,653066427,1,1,1,21,4,1
1657832108,129089749,1,1,1,27,2,1
1657832229,100770878,1,1,1,8,8,9
1657832112,27415297,1,1,1,45,2,4
1657832401,54000607,1,1,1,3,9,4
1657832211,13283986,1,1,1,29,2,1
1657832316,100910836,1,1,1,38,2,6
1657832149,6515,1,1,1,26,1,1
1657832275,41523981,1,1,1,3,23,3
1657832279,1034247348,1,1,1,24,1,9
1657832171,39536951,1,1,1,20,5,6
1657832228,35089539,1,1,1,15,2,5
1657832432,27415169,1,1,1,13,6,3
1657832427,15412563,1,1,1,16,4,2
1657832383,30179848,1,1,1,25,0,2
1657832424,27363029,1,1,1,29,1,2
1657832265,484889494,1,1,1,21,2,3
1657832415,27363256,1,1,1,3,20,1
1657832117,100902274,1,1,1,34,0,1
1657832379,15414455,1,1,1,10,16,7
1657832428,27415285,1,1,1,14,1,7
1657832417,78348185,1,1,1,27,15,6
1657832437,36003,1,1,1,17,2,2
1657832061,27415215,1,1,1,21,1,2
1657832076,263732151,1,1,1,26,5,2
1657831887,1036199130,1,1,1,3,9,8
1657832338,129161858,1,1,1,16,14,2
1657832437,653035822,1,1,1,24,0,3
1657832433,27414460,1,1,1,5,31,1
1657832431,76488849,1,1,1,14,21,1
1657832337,66505513,1,1,1,14,7,8
1657832225,129050965,1,1,1,11,3,3
1657832413,66491368,1,1,1,49,0,1
1657832377,82419429,1,1,1,28,9,5
1657832302,349750111,1,1,1,25,1,2
1657831989,52453,1,1,1,24,0,0
1657832412,210389577,1,1,1,1,6,8
1657832377,15401095,1,1,1,28,16,1
1657832444,1055553396,1,1,1,10,5,0
1657832365,210394523,1,1,1,29,2,2
1657832351,1036226943,1,1,1,13,11,8
1657832361,1056959071,1,1,1,33,7,1
1657832350,60667075,1,1,1,11,7,3
1657832380,66491371,1,1,1,26,4,0
1657831982,486833337,1,1,1,33,0,0
1657832302,1055541632,1,1,1,14,21,5
1657832232,75313725,1,1,1,30,2,1
1657831852,606669250,1,1,1,30,5,4
1657832427,653069115,1,1,1,21,10,2
1657832348,15383032,1,1,1,26,4,9
1657832103,54000561,1,1,1,23,3,2
1657832383,54001190,1,1,1,11,12,4
1657832446,460558111,1,1,1,13,4,0
1657832210,82569809,1,1,1,17,5,0
1657832269,11851037297,1,1,1,33,0,0
1657832143,266052390,1,1,1,26,0,1
1657832297,37952191,1,1,1,15,14,2
1657832375,34300292,1,1,1,18,3,3
1657832443,82554786,1,1,1,22,1,7
1657831868,268976295,1,1,1,30,0,1
1657831960,27415444,1,1,1,28,0,1
1657832412,84983562,1,1,1,46,1,5
1657832392,129081441,1,1,1,1,12,8
1657832331,653073004,1,1,1,40,7,1
1657832321,1056986761,1,1,1,24,28,3
1657832132,41610121,1,1,1,20,5,2
1657832415,82566934,1,1,1,43,5,5
1657832421,128936618,1,1,1,18,8,8
1657832353,35106544,1,1,1,51,1,3
1657832439,267976590,1,1,1,26,36,2
1657831882,1056965116,1,1,1,48,0,1
1657832204,54000630,1,1,1,18,4,1
1657832397,54000567,1,1,1,12,15,7
1657832434,1599921040,1,1,1,25,3,2
1657832404,129096696,1,1,1,12,1,0
1657832390,82590367,1,1,1,54,1,0
1657832428,82573931,1,1,1,16,13,7
1657832442,82436057,1,1,1,7,13,1
1657832245,43219958,1,1,1,4,19,14
1657832053,269953055,1,1,1,25,2,2
1657832401,82448637,1,1,1,43,2,1
1657832120,271540743,1,1,1,23,2,1
1657832423,452347778,1,1,1,7,8,5
1657831911,13372702,1,1,1,33,0,0
1657832404,1599931563,1,1,1,24,2,4
1657832385,15411223,1,1,1,17,3,4
1657832378,85152599,1,1,1,40,6,0
1657832392,284711589,1,1,1,15,2,0
1657831943,30550,1,1,1,23,0,1
1657832283,478593396,1,1,1,9,3,6
1657832402,213675430,1,1,1,40,7,2
1657832221,462875227,1,1,1,22,1,2
1657832205,213693126,1,1,1,21,0,0
1657832160,363735875,1,1,1,9,8,1
1657832044,265266148,1,1,1,12,6,6
1657832236,357491025,1,1,1,21,0,1
1657832109,457713145,1,1,1,35,3,5
1657832284,392576677,1,1,1,14,5,4
1657832212,66491406,1,1,1,46,0,1
1657832396,338853596,1,1,1,22,1,3
1657832331,1056995858,1,1,1,18,7,3
1657832334,54000550,1,0,0,31,0,0
1657832340,27414924,1,1,1,19,1,2
1657832382,390075668,1,1,1,29,3,5
1657832245,1056972307,1,1,1,18,15,13
1657832418,653217067,1,1,1,1,3,15
1657832404,1109534105,1,1,1,16,0,3
1657832292,124390478,1,1,1,12,1,4
1657832157,365181481,1,1,1,45,4,1
1657832446,653076373,1,1,1,33,1,1
1653895841,11851327865,0,0,0,30,0,0
1657832217,52456,1,1,1,27,0,1
1657832098,15310509,1,1,1,17,0,0
1657832296,275968458,1,1,1,53,3,1
1657832036,213995665,1,1,1,21,2,7
1657832311,1056979685,1,1,1,14,12,1
1657832084,128928526,1,1,1,14,0,1
1657832184,27415123,1,1,1,10,10,6
1657832197,287096529,1,1,1,18,19,5
1657832403,97705710,1,1,1,35,2,1
1657831885,13242682,1,1,1,31,0,0
1657832173,278576043,1,1,1,15,1,1
1657832364,213695073,1,1,1,30,0,1
1657832162,284708999,1,1,1,34,2,1
1657832419,653079520,1,1,1,4,4,9
1657817017,653076393,1,1,1,14,7,13
1657832417,129069108,1,1,1,2,20,16
1597371137,213936755,1,0,0,49,0,0
1657832400,213686471,1,0,0,24,0,0
1657832255,30641281,1,1,1,13,4,2
1657832129,54000593,1,1,1,9,15,14
1657832121,27362949,1,1,1,28,0,1
1657832418,1057003116,1,1,1,14,9,7
1657831947,285726279,1,1,1,26,0,0
1652035916,41587607,1,0,0,30,0,0
1657832277,285454061,1,1,1,15,0,0
1657832180,7261,1,1,1,19,1,0
1657832392,291354793,1,1,1,39,4,5
1657832326,213685863,1,1,1,36,15,0
1657832430,653062048,1,1,1,18,4,1
1657832190,1062812659,1,1,1,53,4,1
1657832403,653079135,1,1,1,4,8,3
1657832104,38319086,1,1,1,34,1,1
1657832236,653129435,1,1,1,13,3,0
1657832420,221032834,1,1,1,39,3,6
1657832413,476053320,1,0,0,26,0,0
1657832113,124622630,1,1,1,35,2,0
1657832431,594942659,1,1,1,15,2,1
1657832162,96512532,1,1,1,16,0,2
1657832425,362178041,1,1,1,21,2,4
1657832351,100783424,1,1,1,62,5,2
1657832430,27415524,1,1,1,15,7,3
1657832406,422639331,1,1,1,21,6,3
1657832048,1057061349,1,1,1,28,0,2
1657832337,292871105,1,1,1,20,0,1
1657832372,38280,1,1,1,13,3,0
1657832367,653125838,1,1,1,27,2,0
1657832414,129121741,1,1,1,33,10,6
1657832196,404947652,1,1,1,4,17,10
1657832369,129142199,1,1,1,27,0,2
1657832210,210584503,1,1,1,8,3,3
1657832407,42541542,1,1,1,6,16,9
1657832396,27363558,1,1,1,13,13,2
1657831986,214109662,1,1,1,11,2,7
1657832342,653122771,1,1,1,6,16,2
1657832428,35147530,1,1,1,18,3,1
1657832003,1057081237,1,1,1,18,1,5
1657832214,101756482,1,1,1,13,28,5
1657832245,1057179405,1,1,1,24,0,3
1657832306,653135400,1,1,1,7,14,5
1657832446,213689228,1,1,1,42,0,0
1657832216,409364001,1,1,1,9,5,4
1657832318,129079313,1,1,1,39,0,2
1657832387,129135654,1,1,1,8,20,1
1657832237,653080383,1,1,1,18,25,3
1657832128,1057039016,1,1,1,4,10,4
1657831919,1057045129,1,1,1,32,3,5
1657832416,1190800638,1,1,1,12,6,4
1657832189,302725495,1,1,1,48,2,0
1657831878,303102719,1,1,1,9,1,1
1657832388,27363277,1,1,1,34,0,3
1657832390,6295,1,1,1,14,5,3
1657832435,303452950,1,1,1,16,1,16
1657832435,54000617,1,1,1,16,2,2
1526880629,213691137,1,0,0,30,0,0
1657832263,653131074,1,1,1,22,0,3
1657831890,308082350,1,1,1,16,1,0
1657832325,653126035,1,1,1,8,5,7
1657832005,36473,1,0,0,12,1,0
1657832375,210745258,1,1,1,29,7,9
1657832370,37921892,1,1,1,18,4,1
1657832279,457834134,1,1,1,21,4,3
1657832076,653123610,1,1,1,32,2,0
1657832389,35101194,1,1,1,8,17,4
1657832079,54000615,1,1,1,11,11,6
1657832122,135806005,1,1,1,9,0,6
1657832395,66491395,1,1,1,29,8,1
1657832446,82550543,1,1,1,18,27,4
1657832300,653135378,1,1,1,34,0,1
1657832433,54000562,1,1,1,24,4,2
1657831866,402212574,1,1,1,26,0,2
1657831921,1057184567,1,1,1,33,0,1
1657832431,1057319366,1,1,1,8,14,6
1657832272,34235349,1,1,1,25,1,2
1657832233,210751059,1,1,1,11,2,2
1657832373,1057203651,1,1,1,34,3,7
1657832045,453172172,1,1,1,8,0,3
1657832180,478385490,1,1,1,25,0,3
1657831930,102326776,1,1,1,22,0,1
1657832260,213706622,1,1,1,22,0,1
1657832138,213686749,1,1,1,27,6,3
1657832267,1057302263,1,1,1,11,5,2
1657832416,82572699,1,1,1,20,7,1
1657832195,311552027,1,1,1,40,4,1
1657832346,27269170,1,1,1,11,6,4
1657832208,82375611,1,1,1,41,1,2
1657832411,443402852,1,1,1,46,2,0
1657832371,1062162270,1,1,1,17,2,1
1657832422,38192,1,1,1,33,0,1
1657832386,84958519,1,1,1,20,10,1
1657832382,559980654,1,1,1,14,1,8
1657832024,213952930,1,0,0,30,0,0
1657832272,458086607,1,1,1,16,10,2
1657832417,7247,1,1,1,20,2,1
1657832411,653081846,1,1,1,27,0,2
1657832424,213689815,1,1,1,26,3,4
1657832025,443198808,1,1,1,33,1,2
1657832444,620676855,1,1,1,12,1,9
1657832415,98187918,1,1,1,48,7,3
1657832398,13191324,1,1,1,30,1,2
1657832078,210738704,1,1,1,23,2,0
1657832406,102745622,1,1,1,6,21,1
1657832423,213999554,1,1,1,6,12,0
1657832160,213677219,1,1,1,5,14,0
1657832216,6294,1,1,1,17,1,4
1657832012,85155919,1,1,1,28,1,1
1657832306,1062238429,1,1,1,7,9,1
1657832324,369011098,1,1,1,15,2,5
1657832410,102343591,1,1,1,21,7,3
1657832420,27415150,1,1,1,13,4,4
1657832172,82565383,1,1,1,43,0,2
1657832061,653134004,1,1,1,16,7,0
1657832331,27415246,1,1,1,28,15,0
1657832443,389788858,1,1,1,39,30,2
1657832443,1056947780,1,1,1,29,0,1
1657832178,38327,1,1,1,9,10,22
1657832431,100925033,1,1,1,32,8,5
1657832439,109609241,1,1,1,23,8,0
1657832056,101491821,1,1,1,36,3,1
1657832390,82562496,1,1,1,15,2,2
1657832381,235197110,1,1,1,1,36,8
1657832425,417088374,1,1,1,9,23,7
1657832387,129145892,1,1,1,35,2,10
1657832441,439750210,1,1,1,20,1,2
1657832341,82584215,1,1,1,48,8,4
1657831977,42720305,1,1,1,37,1,0
1657832446,653205656,1,1,1,20,5,3
1657832288,653147618,1,1,1,19,3,5
1657832298,335989765,1,1,1,38,6,3
1657832235,417623119,1,1,1,14,6,0
1657832028,54000632,1,1,1,14,13,8
1657832149,428088564,1,1,1,20,3,2
1657832281,365886904,1,1,1,32,2,1
1657832347,85015750,1,1,1,36,1,1
1657832336,27064639,1,1,1,8,2,11
1657832381,102722579,1,1,1,14,12,1
1657832396,653083263,1,1,1,22,15,1
1657832332,39151458,1,1,1,14,0,4
1657832345,213682190,1,1,1,5,28,9
1657832361,468354634,1,1,1,26,1,3
1657831894,379063990,1,1,1,18,4,0
1657832190,221036108,1,1,1,38,2,6
1657832422,213692227,1,1,1,24,0,12
1657832416,75641607,1,1,1,12,7,13
1657832046,653137566,1,1,1,27,2,4
1657832365,213674686,1,1,1,27,5,2
1657832365,38522,1,1,1,23,0,0
1657832446,488889101,1,1,1,21,3,5
1657832438,653083675,1,1,1,12,0,8
1657832332,266422568,1,1,1,15,7,1
1657832412,488872892,1,1,1,19,17,4
1657831945,488800137,1,1,1,7,7,11
1657832374,1057730786,1,1,1,17,0,0
1657832387,131094294,1,1,1,16,6,8
1657832409,129016495,1,1,1,50,2,1
1657832416,1057335613,1,1,1,23,2,2
1657832395,491687415,1,1,1,17,2,2
1657832092,559595472,1,0,0,23,0,0
1657832445,39202840,1,1,1,17,0,3
1657832124,653141822,1,1,1,17,1,2
1657832108,488980540,1,1,1,30,1,3
1657832362,54000599,1,1,1,18,4,2
1657832403,1057221951,1,1,1,0,19,8
1657832317,653137567,1,1,1,9,12,1
1657832169,54000600,1,1,1,28,2,3
1657832376,82455731,1,1,1,15,31,12
1657832047,15212034,1,1,1,19,1,0
1657832388,494183852,1,1,1,30,7,3
1657832366,1057399900,1,1,1,18,0,6
1657832443,210395439,1,1,1,22,2,1
1657832257,491932748,1,1,1,36,0,3
1657832420,1057329581,1,1,1,2,14,7
1657832446,1057378487,1,1,1,8,9,4
1657832440,1057737444,1,1,1,19,20,11
1657832378,82336035,1,1,1,11,2,4
1657832277,1314450240,1,1,1,5,12,3
1657832432,2515636592,1,1,1,11,6,1
1657832389,255322397,1,1,1,17,7,2
1657832432,653139063,1,1,1,2,30,17
1657832436,1057091571,1,1,1,18,4,5
1657832316,210582231,1,1,1,23,0,0
1657832136,653087180,1,1,1,27,1,4
1656114400,583171360,1,0,0,30,0,0
1657832245,312870435,1,1,1,10,0,0
1657832173,1057354004,1,1,1,21,2,5
1657832444,129106450,1,1,1,33,1,2
1657832443,1057405802,1,1,1,17,1,10
1657832361,27414544,1,1,1,19,1,1
1657831908,213894629,1,1,1,33,5,7
1657832441,100923502,1,1,1,0,13,3
1657832371,129059516,1,1,1,29,6,6
1657832435,1227051850,1,1,1,25,13,0
1657832169,1057748427,1,1,1,17,19,6
1657832423,285001735,1,1,1,36,2,1
1657832236,54000560,1,1,1,19,1,0
1657832367,101017160,1,1,1,1,29,2
1657832407,100933541,1,1,1,19,3,5
1657832177,36391,1,1,1,17,3,0
1657831955,100934967,1,1,1,21,4,7
1657832356,437741660,1,1,1,35,4,2
1657832235,1062783107,1,1,1,5,19,5
1657832354,15309045,1,1,1,10,5,0
1657832159,653086121,1,1,1,20,5,9
1657832029,653139897,1,1,1,15,1,10
1657832339,476155906,1,1,1,23,0,1
1657832418,101011685,1,1,1,1,18,5
1657832066,27415547,1,1,1,23,0,0
1657832359,54000543,1,1,1,22,5,3
1613934558,1015246367,1,0,0,25,0,0
1657832432,284787594,1,1,1,38,0,1
1657832425,1057765913,1,1,1,8,13,15
1657832428,1062704564,1,1,1,36,2,2
1657832341,221043930,1,1,1,27,3,5
1657832437,1057234527,1,1,1,12,19,9
1657832277,49498164,1,1,1,14,0,0
1657832300,76121343,1,1,1,12,0,0
1657831965,1057072168,1,1,1,23,0,1
1657832267,1062742831,1,0,0,38,0,0
1657832400,1062685145,1,1,1,12,3,1
1657832249,1056715831,1,1,1,20,0,0
1657832347,101742129,1,1,1,3,26,7
1657832441,1057360420,1,1,1,27,0,0
1657832335,49117995,1,1,1,14,1,3
1657832369,214119792,1,1,1,4,12,4
1657832387,1057366813,1,1,1,22,5,1
1657832189,37504995,1,1,1,24,7,0
1657832321,131908132,1,1,1,4,4,12
1657832154,27363337,1,1,1,26,4,1
1657832419,125811629,1,1,1,15,25,3
1657832395,102307005,1,1,1,17,1,4
1657832425,1057753858,1,1,1,7,27,2
1657832401,452341449,1,1,1,18,4,2
1657832425,54000590,1,1,1,20,24,2
1657832268,6298,1,1,1,22,1,0
1657832039,27359295,1,1,1,27,1,2
1657832212,54000587,1,1,1,26,2,3
1657832069,81212212,1,1,1,23,0,0
1657832062,653087914,1,1,1,8,12,4
1657832375,41219552,1,1,1,18,2,3
1657832002,101738550,1,1,1,13,4,5
1657832441,54000622,1,1,1,22,4,2
1657832247,82339935,1,1,1,31,2,0
1657832256,27414713,1,1,1,4,20,6
1657832275,54000564,1,1,1,24,6,0
1657832339,13912564,1,1,1,18,7,0
1657832197,42907187,1,1,1,18,3,2
1657832320,58311330,1,1,1,14,5,4
1657832405,100967498,1,1,1,35,6,9
1657832417,39149651,1,1,1,39,4,6
1657832267,43247025,1,1,1,15,1,1
1657832251,70903158,1,1,1,11,4,9
1657832438,37879071,1,1,1,25,9,0
1657832446,41464928,1,1,1,18,39,5
1657831850,54000619,1,1,1,32,1,0
1657832367,38060,1,1,1,0,30,12
1657832382,101008598,1,1,1,33,7,1
1657832377,82332239,1,1,1,30,3,2
1657832376,75525462,1,1,1,39,4,2
1657832302,15462861,1,1,1,23,4,3
1657832446,95845524,1,1,1,13,1,4
1657832445,38407,1,1,1,31,3,5
1657832425,82554449,1,1,1,38,21,0
1657832439,39535340,1,1,1,4,23,3
1657832366,54000570,1,1,1,24,10,1
1657832092,1062256852,1,1,1,18,1,0
1657832342,1062797394,1,0,0,26,0,0
1657831963,1057373549,1,1,1,11,6,5
1657832354,653089942,1,1,1,13,5,3
1657832401,128841079,1,1,1,32,0,3
1657832422,220504949,1,1,1,19,8,6
1657832394,15308712,1,1,1,19,2,1
1657832333,7295,1,1,1,6,3,5
1657832320,27296946,1,1,1,26,0,1
1657832325,653143563,1,1,1,27,1,2
1657832408,443153677,1,1,1,27,5,4
1657832311,265201872,1,1,1,40,0,9
1657832274,66505510,1,1,1,59,3,1
1657832336,66491391,1,1,1,28,2,1
1657832385,1062245074,1,1,1,0,18,8
1657832349,201923447,1,1,1,2,29,6
1657831935,9931940126,1,1,1,30,2,4
1657832230,1057758764,1,1,1,0,30,6
1657832188,653144717,1,1,1,18,2,5
1657832112,42275164,1,1,1,31,3,2
1657832287,125623876,1,1,1,16,1,2
1657832356,85031184,1,1,1,41,8,3
1657832370,97824043,1,1,1,6,9,5
1657832394,66491379,1,1,1,8,0,3
1657832388,39169029,1,1,1,13,1,10
1657832373,35600927,1,1,1,19,9,6
1657832386,100868590,1,1,1,3,11,11
1657832352,54000616,1,1,1,7,4,20
1657831868,27364642,1,1,1,12,3,10
1657799568,66491381,1,1,1,6,8,12
1657832104,49094984,1,1,1,30,3,3
1657832429,77773,1,1,1,22,3,2
1657832423,15463487,1,1,1,19,6,1
1657831906,52518,1,1,1,22,0,0
1657832356,1062874070,1,1,1,37,1,0
1657832387,82574198,1,1,1,12,27,1
1657832445,30730,1,1,1,19,11,3
1657832376,27415389,1,1,1,27,0,0
1657832131,1062802530,1,1,1,15,7,2
1657832171,653091206,1,1,1,21,15,2
1657832225,653042678,1,1,1,4,11,9
1657832237,75345531,1,1,1,14,1,1
1657832329,66505516,1,1,1,16,28,1
1657832419,49341735,1,1,1,33,2,6
1657832445,15309674,1,1,1,16,3,0
1657832112,66491367,1,1,1,16,0,0
1657832406,129023855,1,1,1,22,0,1
1657832387,54000554,1,1,1,29,0,2
1657832422,27414902,1,1,1,15,2,4
1657832014,2515672078,1,1,1,22,1,0
1657832350,35317080,1,1,1,14,5,2
1657832164,27415179,1,1,1,18,1,1
1657832125,653146273,1,1,1,8,12,1
1657832373,1062882947,1,1,1,17,2,2
1657832252,653091677,1,1,1,5,15,3
1657832372,35472299,1,1,1,10,2,0
1657832382,1805255023,1,1,1,29,1,0
1657832404,66489651,1,1,1,26,1,6
1657832377,1057207064,1,1,1,11,5,7
1657832142,39626277,1,1,1,4,9,2
1657832408,213687475,1,1,1,1,12,9
1657832371,1062982815,1,1,1,14,0,6
1657832438,128890772,1,1,1,13,5,10
1657832167,266963426,1,1,1,47,3,0
1657832261,7268,1,1,1,20,7,4
1657832367,1237624420,1,1,1,29,1,0
1657832010,128932790,1,0,0,29,0,0
1657832178,129152818,1,1,1,18,2,2
1657832293,27313492,1,1,1,20,3,1
1657832409,338824395,1,1,1,12,2,1
1657832322,100760396,1,1,1,26,2,3
1657832371,210585225,1,1,1,9,7,3
1657832439,82396562,1,1,1,14,2,2
1657832434,312165511,1,1,1,23,3,8
1657832296,262607058,1,1,1,27,1,4
1657832215,1074095810,1,1,1,20,0,2
1657832424,128880156,1,1,1,18,1,4
1657832049,27415411,1,1,1,23,0,0
1657832344,210387163,1,1,1,31,0,0
1657832065,653150828,1,1,1,16,3,1
1657832088,443654970,1,1,1,35,1,0
1657831923,1063971944,1,1,1,26,1,2
1657832165,15153595,1,1,1,27,1,3
1657831930,54000465,1,1,1,24,1,1
1657832388,471094898,1,1,1,20,2,1
1657832178,66499894,1,1,1,28,4,1
1657832316,100759356,1,1,1,14,0,2
1657832421,1062911162,1,1,1,23,0,6
1657831867,42341698,1,1,1,42,1,0
1657832342,653187900,1,1,1,10,12,17
1657832408,128874528,1,1,1,13,1,3
1657832321,1062827573,1,1,1,24,2,3
1657832104,54000542,1,1,1,23,4,1
1657832133,1074187051,1,1,1,12,15,2
1657832176,331153695,1,1,1,15,3,5
1657832337,1074142878,1,1,1,10,2,8
1657832324,11874261013,1,1,1,8,11,1
1657832331,213680246,1,1,1,29,3,2
1657832425,1064000778,1,1,1,5,45,4
1657832271,1074060095,1,1,1,24,1,1
1657832213,1057290902,1,1,1,39,1,5
1657832325,80419347,1,1,1,15,6,5
1657832441,1063000561,1,1,1,15,1,4
1657832216,213680553,1,1,1,47,4,0
1657832144,1063012692,1,1,1,11,7,2
1657832031,54000538,1,1,1,26,4,0
1657832408,82499609,1,1,1,5,28,3
1657832149,1064008882,1,1,1,7,1,10
1657832411,653152142,1,1,1,11,4,4
1657831887,129029327,1,1,1,13,5,1
1657832100,1063429705,1,1,1,11,2,9
1657832427,478250062,1,1,1,22,0,2
1657832249,1062833975,1,1,1,30,4,1
1657832180,11908510683,1,1,1,11,9,5
1657832086,2515756572,1,1,1,26,5,2
1657832260,1063410400,1,1,1,4,2,16
1657832239,80298493,1,1,1,12,10,3
1657831973,98132679,1,1,1,47,0,1
1657832397,96608796,1,1,1,16,5,4
1657832144,48800374,1,1,1,3,5,5
1657832442,58391194,1,1,1,23,2,0
1657832443,1396728955,1,1,1,12,7,3
1657832438,128878135,1,1,1,20,3,2
1657832244,1063044618,1,1,1,4,18,8
1657832410,1063421211,1,1,1,31,4,4
1657832381,569583918,1,1,1,41,1,1
1657832180,129083553,1,1,1,26,5,0
1657832353,1074204954,1,1,1,4,25,0
1657832385,100767550,1,1,1,33,7,2
1657832368,1074333296,1,1,1,27,11,3
1657832078,11908496227,1,1,1,16,2,6
1657832439,54000537,1,1,1,11,1,1
1657832365,653094517,1,1,1,38,0,1
1657832401,1063984816,1,1,1,18,0,0
1657832411,442739463,1,1,1,6,3,3
1657832438,380891087,1,1,1,30,1,1
1657832405,49423507,1,1,1,38,14,1
1657832335,128834707,1,1,1,17,2,2
1657832352,78374110,1,1,1,10,2,3
1657832418,653097126,1,1,1,23,2,0
1657831871,391845823,1,1,1,23,0,2
1657832383,15433394,1,1,1,38,1,2
1657832297,653140345,1,1,1,20,2,2
1657832384,15290700,1,1,1,13,3,4
1657832242,276989966,1,1,1,10,3,2
1657832431,2515885093,1,1,1,20,4,7
1657832000,54001189,1,1,1,24,2,2
1657832403,653153519,1,1,1,1,9,8
1657832417,39887632,1,1,1,12,3,6
1657832445,581480367,1,1,1,36,28,3
1657832270,6293,1,1,1,25,1,2
1657831964,653072212,1,1,1,4,10,15
1657832433,128843085,1,1,1,17,11,1
1657832268,1063027377,1,1,1,21,2,1
1657832439,653085678,1,1,1,14,7,0
1657832397,6352,1,1,1,15,2,1
1657832083,120564786,1,1,1,54,2,2
1657832263,210386007,1,1,1,13,2,6
1657832416,6245,1,1,1,2,16,6
1657832411,1063053136,1,1,1,9,9,0
1657832440,27414358,1,1,1,13,0,5
1657832165,101751231,1,1,1,33,2,1
1657832032,1074339090,1,1,1,20,1,4
1657832400,1062844489,1,1,1,27,3,3
1657832411,54000596,1,1,1,30,2,2
1657832202,39169877,1,1,1,56,6,4
1657832064,653155159,1,1,1,19,0,3
1657832371,653099465,1,1,1,19,2,7
1657832424,323468705,1,1,1,12,3,2
1657832350,1810975577,1,1,1,19,6,5
1657832400,2705356759,1,1,1,18,8,1
1657832440,35380305,1,1,1,34,1,0
1657832227,100790494,1,1,1,19,4,1
1657832379,653040243,1,1,1,22,4,1
1657832398,1063061372,1,1,1,29,2,3
1657832252,2705290225,1,1,1,28,1,1
1657832358,214019379,1,1,1,20,1,4
1657832409,82574979,1,1,1,10,6,7
1657832434,1599896463,1,1,1,14,7,1
1657832180,1987547083,1,1,1,15,5,10
1657832284,2705338817,1,1,1,5,7,10
1657832431,1074410417,1,1,1,16,8,4
1657832355,1074352578,1,1,1,20,4,0
1657832424,53999465,1,1,1,36,26,2
1657832353,653156540,1,1,1,33,1,1
1657832347,54000573,1,1,1,2,35,6
1657832265,210328645,1,0,0,19,0,0
1657832300,99886640,1,1,1,22,0,1
1657832412,129080400,1,1,1,14,4,4
1657832190,1981490798,1,1,1,13,8,2
1657832215,66491366,1,1,1,35,0,1
1657831957,6297,1,1,1,17,0,1
1657832446,1074428106,1,1,1,8,12,8
1657832407,653102462,1,1,1,11,26,5
1657831920,653031913,1,1,1,18,0,0
1657832050,1057210479,1,1,1,3,5,7
1657832444,27414527,1,1,1,0,13,5
1657832443,653092274,1,1,1,29,0,4
1657832445,208603342,1,1,1,13,4,2
1657832415,311153993,1,1,1,30,1,0
1657832339,632086890,1,1,1,7,17,3
1657832243,653104215,1,1,1,30,0,4
1657832194,54000557,1,1,1,18,0,1
1657831977,653110858,1,1,1,22,1,0
1657832085,653159330,1,1,1,28,0,0
1657832170,49424560,1,1,1,19,14,2
1657832325,653165196,1,1,1,13,14,0
1657832404,1074390359,1,1,1,7,8,18
1657832328,2002864789,1,1,1,8,2,2
1657832379,11146714746,1,1,1,16,5,6
1657832196,11146696292,1,1,1,6,22,3
1657832146,653107480,1,1,1,22,0,0
1657832103,1988517250,1,1,1,24,1,0
1657832355,74864208,1,1,1,18,6,2
1657832386,653166892,1,1,1,6,11,12
1657832402,653106960,1,1,1,8,28,1
1657832353,82468690,1,1,1,49,1,6
1657832175,54000536,1,1,1,34,0,1
1657832407,39565873,1,1,1,26,0,0
1657832387,1074398925,1,1,1,6,16,14
1657832365,12225158518,1,1,1,23,0,4
1657832301,12225289563,1,1,1,27,0,1
1657832418,567884788,1,1,1,17,4,1
1657832279,99950133,1,1,1,44,9,2
1657832261,549480297,1,1,1,20,1,1
1657832033,12196660096,1,1,1,24,3,2
1657832275,653175838,1,1,1,8,4,5
1657832365,84960402,1,1,1,26,8,4
1657832433,2515701705,1,1,1,18,0,2
1657832009,15550433574,1,1,1,28,1,9
1657832106,11218473640,1,1,1,23,0,0
1632509667,54000558,1,0,0,0,0,0
1657832324,653110492,1,1,1,5,23,0
1657832362,102339791,1,1,1,14,9,4
1657832397,52474,1,1,1,10,11,0
1657832083,486750405,1,1,1,14,7,1
1657832413,10773448319,1,1,1,4,12,11
1657832363,11438171152,1,1,1,18,0,4
1657832423,653046369,1,1,1,20,3,4
1657832351,125370566,1,1,1,19,0,1
1657832091,66491396,1,1,1,9,31,9
1657832374,102328355,1,1,1,11,7,1
1657831850,76352106,1,1,1,30,0,1
1657832391,653180903,1,1,1,22,10,3
1657832430,101015227,1,1,1,8,23,3
1657832337,78124875,1,1,1,52,1,0
1657832292,54000578,1,1,1,23,7,2
1657832047,102724418,1,1,1,6,15,4
1657832411,102287315,1,1,1,18,22,2
1657832370,42950428,1,1,1,21,22,5
1657832373,100921894,1,1,1,5,14,0
1657832441,82429586,1,1,1,22,17,1
1657832112,37995,1,1,1,42,3,5
1657832441,653193536,1,1,1,16,0,2
1657832430,54000589,1,1,1,3,42,22
1657832435,74692052,1,1,1,27,1,3
1657832418,35080917,1,1,1,26,0,3
1657832411,89553051,1,1,1,13,6,2
1657832428,11218807773,1,1,1,12,28,5
1657832422,101759167,1,1,1,20,25,1
1657795435,37420,1,1,1,15,2,0
1657832425,27363058,1,1,1,21,0,2
1657832170,49791363,1,0,0,30,0,0
1657832416,66491390,1,1,1,35,2,2
1657832372,74805344,1,0,0,30,0,0
1657832443,653114003,1,1,1,20,2,1
1657832378,27363206,1,1,1,25,1,1
1657831947,54000591,1,1,1,30,4,3
1657832270,7402,1,1,1,7,4,4
1657832303,75352635,1,1,1,23,1,1
1657832443,34836174,1,1,1,11,18,3
1657832396,6354,1,1,1,5,28,0
1628239218,16206842336,0,0,0,0,0,0
1657832269,101022698,1,1,1,12,19,5
1657832347,27415194,1,1,1,36,0,0
1657832209,54000624,1,1,1,19,0,1
1657832367,653114443,1,1,1,5,13,2
1657832419,74635382,1,1,1,24,11,1
1657832404,653190196,1,1,1,33,1,3
1657832317,27363156,1,1,1,8,12,2
1657832242,39776330,1,1,1,6,10,1
1657832202,54000594,1,1,1,27,0,0
1657831857,66491373,1,1,1,7,10,2
1657831999,66491409,1,1,1,19,1,0
1657832418,82583924,1,1,1,6,21,2
1657832387,124183944,1,1,1,21,29,0
1657832428,27363389,1,1,1,24,4,1
1657832193,653184632,1,1,1,30,1,2
1657832195,102751453,1,1,1,5,15,7
1628171945,16206691682,0,0,0,0,0,0
1657816732,35263507,1,1,1,21,0,1
1657832364,58086242,1,1,1,7,2,1
1657832423,82440673,1,1,1,34,6,10
1657832385,27399547,1,1,1,0,16,5
1657832441,54000610,1,1,1,2,43,23
1657832040,13356269,1,1,1,30,0,1
1657832243,54000583,1,1,1,33,1,2
1657832142,63279,1,1,1,10,2,4
1657832193,125918662,1,1,1,15,1,1
1657832372,15163771,1,1,1,5,20,4
1657832407,82571023,1,1,1,38,3,4
1657831938,27363205,1,1,1,30,1,3
1657832425,653197206,1,1,1,11,7,6
1657832302,27415256,1,1,1,8,22,2
1657832258,101488317,1,1,1,30,0,4
1657832089,6497,1,1,1,14,1,5
1657832207,653118283,1,1,1,24,1,0
1657832201,117480156,1,1,1,38,1,1
1657832337,124167835,1,1,1,1,1,16
1657832429,74858883,1,1,1,14,12,6
1657832206,66491384,1,1,1,24,7,4
1657832268,102748267,1,1,1,12,7,6
1657832149,28233012,1,1,1,24,2,4
1657832433,27415371,1,1,1,32,1,1
1657832277,49829553,1,1,1,10,17,3
1657832384,128884445,1,1,1,60,2,2
1657832200,37848502,1,1,1,15,2,7
1657832242,54000552,1,1,1,29,0,1
1657832374,102752610,1,1,1,24,1,3
1657832004,100893610,1,0,0,60,0,0
1657832441,82335295,1,1,1,20,5,3
1657832008,66491382,1,1,1,19,15,2
1657831958,124176568,1,1,1,11,1,3
1657832386,39882420,1,1,1,14,3,4
1657832045,27415360,1,1,1,13,3,3
1657832217,82588494,1,1,1,15,3,10
1657832393,125542925,1,1,1,34,2,0
1657832174,54000547,1,1,1,32,1,0
1657831869,82425449,1,1,1,48,1,1
1657831981,7234,1,1,1,24,3,1
1657832359,85160045,1,1,1,22,2,1
1657832402,35816213,1,1,1,19,10,2
1657832012,82408364,1,1,1,27,8,3
1657832148,653190279,1,1,1,14,6,1
1657832302,82551956,1,1,1,18,9,4
1657832260,66491372,1,1,1,42,14,3
1657832371,82413301,1,1,1,25,4,8
1657832203,80077998,1,1,1,13,1,4
1657832070,13248144,1,1,1,4,11,18
1657832326,54000568,1,1,1,28,16,4
1657832421,39311270,1,1,1,27,1,2
1657832281,54000631,1,1,1,22,1,2
1657832394,99840124,1,1,1,39,2,0
1657832321,54000623,1,1,1,26,0,1
1657832292,653121023,1,1,1,16,7,2
1657832280,76507850,1,1,1,26,1,5
1657832440,101010226,1,1,1,48,16,2
1657832143,653194214,1,1,1,11,4,4
1657832317,11375742,1,1,1,2,11,11
1657832405,27415083,1,1,1,38,7,7
1657832239,27415333,1,1,1,53,1,1
1657832411,66491369,1,1,1,21,12,10
1657831895,27363397,1,1,1,3,9,7
1657832280,39878420,1,1,1,16,3,1
1657831856,27363504,1,1,1,26,2,1
1657832431,27414932,1,1,1,35,1,2
1657832318,14623073464,1,1,1,39,3,4
1657832350,82588656,1,1,1,26,23,4
1657832179,35471668,1,1,1,26,0,3
1657832225,27415500,1,1,1,7,16,2
1657832439,11580442,1,1,1,9,8,0
1657832224,99798962,1,1,1,24,9,2
1657831867,66507230,1,1,1,11,6,2
1657832277,125881065,1,1,1,26,1,3
1657832165,54000627,1,1,1,18,1,2
1657832376,84961467,1,1,1,49,2,2
1657832412,54000629,1,1,1,23,12,1
1657832395,27415004,1,1,1,13,21,2
1657832310,27415128,1,1,1,15,3,2
1657832246,121086415,1,0,0,24,0,0
1657832373,27414937,1,1,1,24,13,1
1657832420,42588096,1,1,1,23,2,3
1657832321,100227241,1,1,1,34,0,2
1657832432,2254322638,1,1,1,19,3,4
1657832355,15377776,1,1,1,3,12,19
1657832139,70736110,1,1,1,15,8,10
1627636430,16210188070,0,0,0,0,0,0
1627545043,16210512714,0,0,0,0,0,0
1657832316,11063317380,1,1,1,5,11,0
1657832404,121160813,1,1,1,23,0,3
1657831858,66491388,1,1,1,30,0,2
1650555662,16043228469,0,0,0,0,0,0
1650556299,16043282800,0,0,0,0,0,0
1657832252,15189890802,1,1,1,21,1,2
1657832158,16043242148,1,1,1,7,9,10
1657832129,16043316164,1,1,1,25,0,2
1657832154,54000628,1,1,1,42,10,4
1657832445,15187848239,1,1,1,9,19,2
1657832299,129095489,1,1,1,27,1,0
1657832381,1057383154,1,1,1,0,43,6
1657832385,218903767,1,1,1,54,1,5
1657832133,37647,1,1,1,27,1,1
1657832301,54000555,1,0,0,33,0,0
1657832270,523900881,1,1,1,54,0,3
1657832355,54000621,1,0,0,56,0,0
1657832299,214097180,1,1,1,3,16,3
1657832370,54000556,1,1,1,20,1,5
1657832326,2515618216,1,1,1,15,6,7
1657832395,1057387136,1,1,1,1,27,2
1657832172,11908488283,1,1,1,21,3,1
1657832222,85123644,1,1,1,18,7,1
1657832435,100863462,1,1,1,22,21,22
1657832370,253357936,1,1,1,12,36,9
1657832265,42517412,1,1,1,14,3,5
1657832382,54000551,1,1,1,7,4,4
1593435140,213699079,1,0,0,67,0,0
1657832296,10647548670,1,1,1,11,3,8
1657832362,15066765479,1,1,1,23,6,12
1657832403,10647608657,1,1,1,17,8,4
1657832442,213676294,1,1,1,11,8,2
1657832395,95073815,1,1,1,33,5,0
1558939179,16134135570,0,0,0,0,0,0
1558938134,16134083337,0,0,0,0,0,0
1657831919,11266280626,1,1,1,30,0,2
1657832369,49039283,1,1,1,16,1,1
1657832230,35642049,1,1,1,12,0,1
1657832379,11851012506,1,1,1,9,18,8
1627456205,16379269732,0,0,0,0,0,0
1657832267,27033125,1,1,1,8,2,3
1657831986,13341879803,1,1,1,5,11,10
1657832196,1074347188,1,1,1,7,12,1
1657832123,2515774908,1,1,1,22,1,0
1657832434,84986959,1,1,1,37,19,3
1657832005,11851103861,1,1,1,23,1,1
1657832321,12806084887,1,1,1,39,2,3
1657832330,123546861,1,1,1,24,0,3
1657831889,12943772652,1,1,1,24,6,1
1657831909,12948189248,1,1,1,18,7,5
1657832185,15826185972,1,1,1,15,0,1
1657832427,82423726,1,1,1,26,36,4
1657832275,252301607,1,1,1,14,6,1
1657832422,12959947458,1,1,1,16,2,4
1657832391,210581084,1,1,1,42,1,1
1657832437,101013666,1,1,1,3,31,11
1657832388,34742973,1,1,1,17,4,0
1657832405,11437761399,1,1,1,15,3,15
1657832359,11438116799,1,1,1,20,18,2
1657832417,11437961617,1,1,1,6,9,11
1657832037,11438049493,1,1,1,27,2,1
1657832232,11437651826,1,1,1,20,4,6
1657832416,11004720021,1,1,1,10,14,3
1657832229,102335085,1,1,1,17,3,5
1653472786,11437706131,0,0,0,26,0,0
1657831895,13373712848,1,1,1,24,0,0
1657832344,13373848216,1,1,1,15,5,6
1657832225,13373801574,1,1,1,8,2,17
1657832290,13373758036,1,1,1,23,4,0
1657832323,368766689,1,1,1,12,9,5
1657832011,129026597,1,1,1,20,0,2
1657832405,394404659,1,1,1,37,4,4
1657832052,1062807847,1,1,1,15,24,1
1657832413,478732841,1,1,1,14,1,1
1657831903,82402482,1,1,1,50,4,0
1657832440,129088667,1,1,1,24,15,1
1657832444,516395829,1,1,1,12,0,2
1657832146,54000604,1,1,1,32,1,2
1657832069,43247738,1,1,1,20,5,10
1657832257,102311820,1,1,1,32,2,1
1657832075,315022587,1,0,0,67,0,0
