"last_reported","station_id","is_installed","is_returning","is_renting","dock_available","mechanical_available","electric_available"
1658246905,213688169,1,1,1,32,0,3
1658247311,653222953,1,1,1,6,4,18
1658247335,516709288,1,1,1,16,0,4
1658247238,36255,1,1,1,21,0,0
1658247315,37815204,1,1,1,21,7,1
1658247350,100769544,1,1,1,10,29,5
1658247266,85002689,1,1,1,43,12,2
1658247174,123095125,1,1,1,55,4,1
1658247247,120827885,1,1,1,7,3,1
1658247218,251039991,1,1,1,22,2,1
1658247340,37874517,1,1,1,8,11,2
1658247341,66491398,1,1,1,26,18,4
1658247282,210403080,1,1,1,18,1,3
1658247334,210561800,1,1,1,14,1,2
1658247320,209063434,1,1,1,18,10,1
1658247270,94555589,1,1,1,21,1,4
1658247102,244498842,1,1,1,35,6,7
1658246787,210405211,1,1,1,12,4,3
1658246971,43195240,1,1,1,21,1,3
1658246821,501862076,1,1,1,20,0,1
1658247307,54000559,1,1,1,33,4,2
1658247343,207633746,1,1,1,39,2,6
1658247097,85043758,1,1,1,33,1,2
1658247333,210566542,1,1,1,43,15,2
1658247194,437597018,1,1,1,27,0,2
1658247350,210565680,1,1,1,28,2,5
1658247268,210397939,1,1,1,13,4,0
1658247331,82405965,1,1,1,30,9,2
1658247178,213682736,1,1,1,47,2,2
1658247343,80101533,1,1,1,33,1,0
1658247292,54000581,1,1,1,28,5,1
1658247296,13105968,1,1,1,19,1,1
1658246997,653208733,1,1,1,35,0,3
1658247295,27415224,1,1,1,19,11,3
1658247191,907054879,1,1,1,7,6,7
1658247229,129094535,1,1,1,34,5,2
1658247183,54000612,1,1,1,38,3,0
1658247330,128986726,1,1,1,6,17,5
1658247166,599135701,1,1,1,39,0,3
1658247317,102747146,1,1,1,10,12,2
1658247241,2515403527,1,1,1,28,1,1
1658247272,653132534,1,1,1,23,0,2
1658247255,506455295,1,1,1,11,3,1
1658247345,1057149522,1,1,1,6,15,0
1658247331,210567545,1,1,1,0,16,1
1658247244,2515085147,1,1,1,5,13,3
1658247291,653197324,1,1,1,9,4,11
1658247263,210408693,1,1,1,19,3,1
1658247279,42950839,1,1,1,17,0,1
1658247316,14813797734,1,1,1,23,2,2
1658247199,88230992,1,1,1,22,1,7
1658247303,499303158,1,1,1,0,27,2
1658247347,27415302,1,1,1,20,0,5
1658247220,27414512,1,1,1,33,3,4
1658247160,210580039,1,1,1,10,3,3
1658247330,49474389,1,1,1,19,3,1
1658247221,128940135,1,1,1,18,1,1
1658247191,35149611,1,1,1,6,3,2
1658247298,1057296253,1,1,1,5,54,3
1658247210,210570888,1,1,1,11,9,1
1658247306,129107656,1,1,1,15,2,3
1658247232,1057228658,1,1,1,11,4,7
1658247225,230873471,1,1,1,18,2,1
1658247244,507934805,1,1,1,22,0,3
1658247037,205047993,1,1,1,45,1,0
1658247324,39799329,1,1,1,25,8,0
1658247269,129164969,1,1,1,33,5,9
1658247139,128989986,1,1,1,16,4,7
1658247146,129004826,1,1,1,16,0,0
1658247113,518825709,1,1,1,20,1,0
1658247310,128930462,1,1,1,16,3,10
1658247191,911767210,1,1,1,20,1,0
1658247175,54000565,1,1,1,23,0,2
1658247257,210586093,1,1,1,19,1,2
1658247341,7254,1,1,1,23,1,0
1658247317,369644630,1,1,1,22,6,3
1658247310,214114469,1,1,1,1,21,8
1658247077,128887067,1,1,1,19,0,0
1658247335,55927887,1,1,1,1,33,1
1658247344,210574471,1,1,1,9,2,3
1658247217,72765603,1,1,1,14,4,1
1658247261,210582921,1,1,1,8,3,3
1658246896,43255030,1,1,1,46,1,0
1658247301,129025451,1,1,1,27,0,0
1658247328,128920403,1,1,1,4,19,4
1658247139,323616530,1,1,1,11,1,2
1658247140,208795867,1,1,1,15,2,0
1658247334,1062192012,1,1,1,9,2,21
1658247318,6296,1,1,1,6,10,1
1658247063,521393180,1,1,1,18,2,1
1658247238,576188379,1,1,1,22,0,1
1658247340,128915891,1,1,1,20,12,0
1658246852,82567101,1,1,1,21,0,1
1652812373,102290754,1,0,0,24,0,0
1658247129,457813746,1,1,1,8,1,5
1658247267,128882438,1,1,1,13,25,0
1658247350,50191171,1,1,1,20,0,2
1658247310,129014600,1,1,1,18,9,6
1658247218,3906153622,1,1,1,6,7,3
1658247084,129087587,1,1,1,28,2,8
1658247030,213693511,1,1,1,19,0,4
1658247273,82379648,1,1,1,27,2,2
1658247311,66491397,1,1,1,3,55,2
1658246997,907081682,1,1,1,0,0,0
1658247328,230877798,1,1,1,33,0,1
1658247051,2515995748,1,1,1,12,3,7
1658247225,27363162,1,1,1,17,4,2
1658247280,129021753,1,1,1,16,0,0
1658247202,210740080,1,1,1,45,1,2
1658247222,54000569,1,1,1,36,0,2
1658247138,80216231,1,1,1,33,5,1
1658247095,336511521,1,1,1,15,1,1
1658247146,129043651,1,1,1,9,9,2
1658247130,82562556,1,1,1,38,10,0
1658247348,129048000,1,1,1,40,1,4
1658247300,1062250686,1,1,1,26,2,7
1658247350,261987383,1,1,1,14,3,8
1658247308,813544903,1,1,1,25,4,1
1658247291,126050442,1,1,1,17,5,1
1658247188,27363489,1,1,1,21,1,2
1658247333,39296638,1,1,1,13,21,1
1658247346,205938683,1,1,1,50,0,2
1658247299,210399835,1,1,1,35,2,1
1658247105,1057324291,1,1,1,55,1,1
1658247224,102324803,1,1,1,37,0,0
1658247247,101763163,1,1,1,1,9,2
1658247287,653133605,1,1,1,12,27,5
1658247196,3906094706,1,1,1,18,3,11
1658247234,27414578,1,1,1,15,0,2
1658247180,508042092,1,1,1,6,26,2
1658247063,42603855,1,1,1,15,1,1
1658247257,818302209,1,1,1,22,18,7
1658247299,13718041,1,1,1,21,1,2
1658247298,265464297,1,1,1,48,0,2
1658247347,1057392676,1,1,1,10,16,8
1658247087,102309973,1,1,1,39,2,2
1658247331,532054446,1,1,1,49,7,0
1658247277,129034587,1,1,1,14,1,1
1658247161,314829539,1,1,1,38,1,10
1658247206,586539770,1,1,1,19,2,1
1658247240,3906335682,1,1,1,22,2,0
1658247237,583539396,1,1,1,13,7,5
1658247337,101753100,1,1,1,12,4,0
1658247084,27415466,1,1,1,18,1,2
1658246978,52393,1,1,1,46,3,1
1658246813,81081358,1,1,1,35,2,2
1658247188,66491385,1,1,1,9,9,6
1658247022,209057581,1,1,1,15,0,3
1658247310,66491389,1,1,1,20,28,10
1658247322,210749865,1,1,1,8,5,5
1658247321,535500589,1,1,1,15,41,8
1658247183,597245295,1,1,1,20,9,6
1658247292,213684314,1,1,1,17,5,2
1658247216,235513935,1,1,1,26,0,1
1658247324,27206194,1,1,1,16,2,1
1658247031,102323152,1,1,1,18,0,0
1658246969,129060764,1,1,1,21,6,0
1658247347,828134511,1,1,1,29,0,2
1658247258,586649404,1,1,1,8,7,9
1658247259,596813170,1,1,1,13,0,2
1658247319,596872103,1,1,1,26,2,2
1658247163,271426439,1,1,1,15,1,3
1658246925,27363187,1,1,1,39,1,4
1658247261,76199461,1,1,1,29,2,0
1658247301,230952057,1,1,1,11,13,6
1658247327,37815993,1,1,1,1,31,3
1658247345,88140066,1,1,1,7,35,22
1658247324,213683101,1,1,1,15,1,2
1658247298,213684750,1,1,1,17,13,4
1658247205,129067920,1,1,1,39,0,0
1658247287,2515049357,1,1,1,22,1,0
1658246894,27364743,1,1,1,18,0,2
1658247332,102314792,1,1,1,27,1,4
1658247080,35447568,1,1,1,22,1,0
1658247334,129038848,1,1,1,12,1,3
1658247028,27415736,1,1,1,27,0,3
1658247127,583178525,1,1,1,16,0,4
1658247347,2514995690,1,1,1,12,16,2
1658247225,82387816,1,1,1,30,1,1
1658247149,213685090,1,1,1,12,10,7
1658247312,301841024,1,1,1,24,2,2
1658247084,66491402,1,1,1,31,0,2
1658247303,213679512,1,1,1,24,0,1
1658247338,588452142,1,1,1,20,2,1
1658247165,85147829,1,1,1,18,7,1
1658247248,213681356,1,1,1,15,3,4
1658247348,2515351285,1,1,1,16,5,4
1658247021,213685514,1,1,1,6,16,1
1658247275,102329800,1,1,1,22,1,4
1658247024,54000625,1,1,1,31,0,1
1658247226,572566600,1,1,1,18,3,8
1658247344,213911772,1,1,1,49,3,4
1658247295,129132870,1,1,1,12,10,1
1658247289,620403530,1,1,1,3,10,7
1658247342,66491378,1,1,1,35,13,3
1658247080,631773910,1,1,1,3,16,5
1658247198,1765749389,1,1,1,3,7,2
1658247077,611152693,1,1,1,19,1,8
1658247316,235241110,1,1,1,13,40,7
1658247338,613737748,1,1,1,6,24,1
1658247066,41498023,1,1,1,21,1,1
1658247339,1062671597,1,1,1,3,7,11
1658247103,213945171,1,1,1,22,0,0
1658172380,463297497,1,1,1,20,0,0
1658247344,213875650,1,1,1,5,12,7
1658238314,245187072,1,1,1,17,1,1
1658247296,129144878,1,1,1,17,10,2
1658247300,27415665,1,1,1,38,1,2
1658247307,593238093,1,1,1,18,4,1
1658247341,102331767,1,1,1,25,4,5
1658247307,37791,1,1,1,30,4,1
1658247276,50156117,1,1,1,16,0,7
1658247190,15462236,1,1,1,31,0,1
1658247150,129093478,1,1,1,24,0,3
1658247266,35908,1,1,1,17,1,0
1658247321,210744286,1,1,1,41,1,3
1658247344,101024234,1,1,1,16,37,2
1658246771,213992316,1,1,1,49,0,1
1658247253,213694482,1,1,1,16,2,2
1658247253,129011497,1,1,1,18,4,0
1658247275,101743895,1,1,1,46,14,3
1658247207,213691848,1,1,1,42,0,0
1658247110,210396518,1,1,1,10,2,4
1658247296,97677210,1,1,1,43,1,3
1658247341,39254792,1,1,1,23,17,3
1658247221,213683992,1,1,1,36,13,0
1658247266,54000601,1,1,1,13,2,3
1658247297,27362896,1,1,1,11,10,5
1658247301,213687140,1,1,1,30,1,3
1658246908,235599121,1,1,1,20,5,0
1658247179,213680917,1,1,1,22,0,3
1658247185,1057774603,1,1,1,28,0,3
1658247194,213688462,1,1,1,31,4,3
1658247331,102749572,1,1,1,32,11,5
1658247349,549876068,1,1,1,32,6,6
1658247347,390212609,1,1,1,10,18,2
1658247341,63498079,1,1,1,17,3,5
1658247134,102338493,1,1,1,25,0,4
1658247344,875078767,1,1,1,20,0,0
1658247329,210573120,1,1,1,31,0,1
1658247066,1558958733,1,1,1,17,3,5
1658247288,2515802454,1,1,1,23,1,2
1658246861,648227675,1,1,1,37,2,1
1658230544,42566291,1,1,1,21,5,7
1658247209,1062206433,1,1,1,15,1,4
1658247327,129032910,1,1,1,51,0,2
1658247336,647826568,1,1,1,8,13,8
1658247319,54000577,1,1,1,21,2,4
1658247172,54001024,1,1,1,38,5,6
1658247350,94250567,1,1,1,8,40,3
1658247310,129078200,1,1,1,23,2,3
1658247267,649888071,1,1,1,4,9,5
1658247203,82563707,1,1,1,27,5,0
1658247313,129143598,1,1,1,9,16,3
1658247331,213690847,1,1,1,24,11,2
1658247318,102333275,1,1,1,10,21,3
1658247316,640629438,1,1,1,11,6,3
1658247335,82328045,1,1,1,2,14,4
1658247291,27363362,1,1,1,15,2,1
1658247318,237624030,1,1,1,18,17,1
1658247296,213957917,1,1,1,11,14,1
1658247345,54000626,1,1,1,14,7,1
1658247330,6399,1,1,1,30,1,2
1658247331,210746090,1,1,1,36,6,6
1658247309,27414841,1,1,1,26,0,3
1658247328,82253759,1,1,1,12,14,1
1658247338,82457375,1,1,1,26,2,2
1658247260,54000609,1,1,1,30,3,0
1515739220,27415512,1,0,0,35,0,0
1658247249,49859500,1,1,1,2,14,2
1658247337,214139374,1,1,1,27,0,2
1658247347,213702608,1,1,1,18,1,0
1658247307,559507144,1,1,1,22,1,2
1658247051,213700358,1,1,1,19,0,1
1658247167,653063170,1,1,1,21,13,4
1658247220,3906215030,1,1,1,37,0,1
1658246993,129151834,1,1,1,40,0,1
1658247280,237041013,1,1,1,18,0,1
1658247216,54000553,1,1,1,19,14,2
1658246877,653200142,1,1,1,30,4,2
1658247295,650091839,1,1,1,2,13,9
1658247326,362869414,1,1,1,11,11,3
1658247308,55664548,1,1,1,13,14,6
1658247348,100859941,1,1,1,6,38,8
1658247313,49368561,1,1,1,44,6,4
1658246983,42743053,1,1,1,33,0,0
1658247323,213699913,1,1,1,21,0,5
1658247298,101740379,1,1,1,38,0,2
1658247072,4329844165,1,1,1,30,1,2
1658247107,213694069,1,1,1,26,0,0
1655990886,214134714,1,0,0,26,0,0
1658247238,468843711,1,1,1,21,1,1
1658247343,378626842,1,1,1,35,7,8
1658247242,27414945,1,1,1,9,3,3
1658247208,210090269,1,1,1,54,6,1
1658247347,376664868,1,1,1,25,1,3
1658247347,2515927759,1,1,1,23,3,0
1658247299,205955605,1,1,1,25,9,2
1658247303,933214552,1,1,1,7,17,0
1658247083,66491370,1,1,1,20,4,4
1658247270,353462947,1,1,1,15,12,2
1658247326,1559700274,1,1,1,18,0,1
1658207029,39217683,1,1,1,12,8,2
1658247196,213688824,1,1,1,30,1,2
1658247194,82337423,1,1,1,20,26,0
1658247172,66491404,1,1,1,18,1,1
1658247308,652120758,1,1,1,53,4,2
1658247265,66491393,1,1,1,33,13,1
1658247306,1062223873,1,1,1,17,5,0
1658247168,49085250,1,1,1,12,3,2
1658247267,376526598,1,1,1,45,0,1
1658247350,27071684,1,1,1,29,3,1
1658247344,2515907297,1,1,1,10,7,0
1658247064,66491401,1,1,1,54,2,0
1658247336,341388492,1,1,1,34,9,1
1658247347,985828965,1,1,1,12,25,3
1658247343,338762459,1,1,1,13,12,1
1658247234,323486248,1,1,1,13,2,1
1658247104,66491392,1,1,1,39,1,3
1658247291,478952881,1,1,1,18,1,4
1658247135,501318622,1,1,1,21,1,2
1658247250,38263504,1,1,1,13,7,2
1658247243,470807791,1,1,1,14,8,10
1658247343,82445192,1,1,1,32,2,3
1658247264,2515658032,1,1,1,15,0,4
1658247332,568135465,1,1,1,29,8,0
1657840010,570185777,1,0,0,0,0,0
1658247194,214102967,1,1,1,42,0,1
1658246979,54000597,1,1,1,19,1,2
1658247347,82417874,1,1,1,45,2,4
1658247347,102319838,1,1,1,11,3,1
1658247271,652192395,1,1,1,30,33,3
1658247288,571923059,1,1,1,39,2,5
1658247330,66491405,1,1,1,22,1,3
1658247344,54000635,1,1,1,25,2,4
1658247310,54000544,1,1,1,15,19,2
1658247186,1062179194,1,1,1,23,0,2
1658247257,1063017616,1,1,1,11,4,6
1658247192,378648513,1,1,1,19,5,11
1658247292,27278603,1,1,1,19,1,5
1658246970,13497763,1,1,1,22,0,1
1658247338,653042442,1,1,1,38,1,1
1658247136,49807107,1,1,1,14,0,3
1658247331,82450803,1,1,1,47,11,0
1658247347,210747224,1,1,1,22,24,2
1658247348,210568512,1,1,1,30,22,8
1658247347,213691542,1,1,1,46,5,1
1658247171,357409723,1,1,1,18,8,4
1658247273,2515855808,1,1,1,29,3,2
1658247348,384370499,1,1,1,12,5,8
1658247295,49403716,1,1,1,8,17,2
1658247334,54000571,1,1,1,41,5,7
1658247308,473204291,1,1,1,16,10,5
1658247157,27363103,1,1,1,26,4,0
1658247322,85145704,1,1,1,25,1,0
1658247259,653044270,1,1,1,11,1,5
1658246924,26958435,1,1,1,24,0,1
1658247180,6385,1,1,1,20,0,1
1658247290,213857398,1,1,1,13,0,1
1658247341,82550925,1,1,1,22,13,2
1658247239,27363096,1,1,1,15,15,3
1658247235,85165045,1,1,1,7,13,4
1658247073,129119449,1,1,1,17,0,2
1658247195,475524450,1,1,1,14,4,7
1658247315,653048150,1,1,1,10,27,2
1658247319,244400797,1,1,1,17,1,4
1658247307,213922790,1,1,1,49,0,1
1658247336,129001431,1,1,1,25,1,3
1658247342,210753033,1,1,1,4,7,3
1658218835,653203262,1,1,1,6,10,5
1658246961,406806401,1,1,1,23,3,2
1658247173,85143075,1,1,1,28,0,2
1658247219,1063035479,1,1,1,0,7,15
1658247041,54000595,1,1,1,31,4,1
1658247350,82571110,1,1,1,17,7,2
1658247330,54000582,1,1,1,22,2,3
1658247044,217235307,1,1,1,19,4,1
1658246919,210748575,1,1,1,44,6,1
1658247271,82421994,1,1,1,25,4,6
1658247195,214123470,1,1,1,12,10,2
1658235493,129086648,1,1,1,29,7,6
1658247015,217572769,1,1,1,15,8,5
1658247324,214298601,1,1,1,15,4,3
1658247225,129125489,1,1,1,20,0,1
1658247067,214122655,1,1,1,27,2,1
1658247218,15461933,1,1,1,15,2,0
1658247350,82458977,1,1,1,18,4,1
1658247068,129077035,1,1,1,48,3,0
1658246865,221047138,1,1,1,14,0,3
1658247203,15308782,1,1,1,5,27,2
1658247278,216473073,1,1,1,16,0,2
1658247329,37521,1,1,1,13,3,1
1642540077,35196898,1,0,0,27,0,0
1658247348,653046029,1,1,1,15,15,2
1658247194,2515976231,1,1,1,7,3,8
1658247264,129103849,1,1,1,18,0,2
1658247282,1057009034,1,1,1,22,1,3
1658247258,82334007,1,1,1,15,26,3
1658247322,214146056,1,1,1,22,1,3
1658247255,85008390,1,1,1,46,20,4
1658246930,216039437,1,1,1,10,2,13
1658247326,215495494,1,1,1,35,2,8
1658247340,43155320,1,1,1,46,0,1
1658247229,129130397,1,1,1,15,4,1
1658247152,653129412,1,1,1,22,2,5
1658247350,54000634,1,1,1,14,5,6
1658247317,419381597,1,1,1,44,4,1
1658247280,54000548,1,1,1,16,13,1
1658247272,54000466,1,1,1,16,11,2
1658247198,426772876,1,1,1,21,7,3
1658246858,74620630,1,1,1,26,0,0
1658246956,129091653,1,1,1,32,0,1
1658247341,100905057,1,1,1,20,2,0
1658247332,129134084,1,1,1,2,15,8
1658247332,210754072,1,1,1,20,12,3
1658247335,419991048,1,1,1,23,24,2
1658247315,2820744873,1,1,1,24,2,2
1658247154,213676825,1,1,1,26,22,1
1658247239,15299574,1,1,1,36,8,4
1658247279,41566122,1,1,1,38,12,1
1658247040,963786819,1,1,1,26,0,4
1658247259,427678168,1,1,1,43,0,2
1658247121,976762284,1,1,1,20,2,4
1658247314,213686196,1,1,1,18,0,0
1658247038,11004671601,1,1,1,23,0,2
1658247120,27414601,1,1,1,35,4,3
1658247314,129036192,1,1,1,7,5,1
1658247230,82421013,1,1,1,26,4,4
1658247324,434419150,1,1,1,27,7,1
1658247335,252339799,1,1,1,10,16,2
1658247256,224589573,1,1,1,16,1,1
1658247227,220502135,1,1,1,18,13,5
1658246989,129114993,1,1,1,31,0,1
1658247186,129124069,1,1,1,20,0,1
1658247133,221094844,1,1,1,5,11,5
1658247334,220726050,1,1,1,40,11,2
1658247295,254224239,1,1,1,53,4,6
1658247198,1805401614,1,1,1,10,14,3
1658246911,129116697,1,1,1,17,1,1
1658247252,977409509,1,1,1,34,3,1
1658247272,653055049,1,1,1,15,4,14
1658247224,221041655,1,1,1,47,5,4
1658247114,1057769632,1,1,1,19,4,3
1658247136,1333959209,1,1,1,8,3,8
1658247113,213690256,1,1,1,42,3,0
1658247322,476183970,1,1,1,33,3,2
1658247187,632007124,1,1,1,31,3,2
1658247240,977206088,1,1,1,8,13,9
1658247304,213868408,1,1,1,12,10,8
1658247342,129061615,1,1,1,16,13,3
1658247349,43165673,1,1,1,26,6,5
1658247347,82381710,1,1,1,11,2,1
1658247225,224598098,1,1,1,8,35,6
1658247087,10968855,1,1,1,18,0,0
1658247020,82508970,1,1,1,22,0,3
1658247292,653055097,1,1,1,21,0,1
1658247345,221038698,1,1,1,16,3,7
1658247167,27246227,1,1,1,22,0,1
1658247020,63297,1,1,1,21,0,0
1658247350,95927849,1,1,1,21,1,2
1658247286,102341385,1,1,1,3,6,14
1658247350,54000605,1,1,1,27,3,8
1658247037,979059925,1,1,1,24,1,3
1658247306,6512,1,1,1,15,0,0
1658247336,27363323,1,1,1,27,2,3
1658247326,85118872,1,1,1,35,0,2
1658247289,102289046,1,1,1,8,9,4
1658247271,124402232,1,1,1,39,0,1
1658247176,985086307,1,1,1,19,2,2
1658247135,27415327,1,1,1,24,2,0
1658247200,100798076,1,1,1,15,3,2
1658247227,15298647,1,1,1,32,2,2
1658247187,1063404053,1,1,1,17,0,3
1613034881,76199110,1,0,0,0,0,0
1658247270,54000598,1,1,1,21,3,1
1658247319,2515829865,1,1,1,13,4,5
1658247119,989753852,1,1,1,13,3,4
1658247103,990000217,1,1,1,2,8,5
1658247311,121025345,1,1,1,10,1,2
1658247227,213692714,1,1,1,20,0,3
1658247262,82577019,1,1,1,18,4,7
1658247295,39256416,1,1,1,45,1,1
1658247071,255207155,1,1,1,16,1,3
1658247349,63769334,1,1,1,35,0,3
1658247314,129136818,1,1,1,22,0,1
1658247117,37936869,1,0,0,35,0,0
1658247167,27415469,1,1,1,21,0,2
1658246884,39599631,1,1,1,16,1,6
1658247131,84979504,1,1,1,12,12,1
1658247231,85120104,1,1,1,13,0,2
1658247255,653059015,1,1,1,24,1,5
1658247351,101748685,1,1,1,34,6,2
1658247122,54000608,1,1,1,48,1,2
1658247252,653080986,1,1,1,6,0,1
1658247237,102743096,1,1,1,26,0,0
1658247345,66491394,1,1,1,31,9,2
1658247212,126175087,1,1,1,21,1,1
1658246918,101746493,1,1,1,41,4,7
1658247292,27363137,1,1,1,5,12,5
1658247344,339797666,1,1,1,21,2,2
1658247311,1968156458,1,1,1,7,26,1
1658247287,82404497,1,1,1,22,8,3
1658247130,991351798,1,1,1,22,1,0
1658247290,7304,1,1,1,12,2,0
1658247326,54000592,1,1,1,16,17,2
1658247001,54000572,1,1,1,15,3,2
1658240042,15409531,1,1,1,15,0,1
1658247113,29327,1,1,1,9,6,6
1658247311,36298,1,1,1,14,0,0
1658247223,37903195,1,1,1,21,3,2
1658247031,102313219,1,1,1,30,2,2
1658247345,100906707,1,1,1,37,3,0
1658247290,624177860,1,1,1,42,3,4
1658247266,66491407,1,1,1,20,1,0
1658247227,27369223,1,1,1,9,5,1
1658247338,102336814,1,1,1,5,8,3
1658247350,484423835,1,1,1,10,8,7
1658247277,54000618,1,1,1,17,1,0
1658247030,653059879,1,1,1,18,8,12
1658247347,210583589,1,1,1,20,3,6
1658247346,653050378,1,1,1,8,16,7
1658247310,15291968,1,1,1,13,0,1
1658247318,126354477,1,1,1,13,1,4
1658247285,15387809,1,1,1,58,3,1
1658247288,1002059045,1,1,1,2,15,8
1658247318,1002738770,1,1,1,8,11,7
1658247270,100918666,1,1,1,13,5,3
1658247322,213987795,1,1,1,18,17,4
1658247341,15397468,1,1,1,19,27,0
1658247317,129101773,1,1,1,38,0,4
1658247099,84966359,1,1,1,22,1,2
1658247133,42908639,1,1,1,25,1,2
1658247074,125469898,1,1,1,29,0,4
1658247276,35137730,1,1,1,37,10,3
1658247298,52329,1,1,1,33,2,2
1658247158,42499285,1,1,1,16,16,10
1658247137,85162552,1,1,1,30,9,5
1655504532,88235134,1,0,0,1,0,1
1658247089,2515738489,1,1,1,18,0,2
1658247302,256561528,1,1,1,11,27,4
1658246817,452920451,1,1,1,20,0,2
1658247275,37920,1,1,1,11,20,2
1658247341,54000588,1,1,1,58,2,5
1658247339,1020700136,1,1,1,9,4,6
1658247336,100855693,1,1,1,24,2,0
1658247316,54000549,1,1,1,4,5,7
1658247281,54000586,1,1,1,23,2,7
1658247163,102304517,1,1,1,40,2,3
1658247255,128889359,1,1,1,30,8,1
1658247199,54000546,1,1,1,26,3,3
1658246794,129042700,1,1,1,55,2,3
1658247059,101761298,1,1,1,22,19,4
1658247305,912377361,1,1,1,39,1,1
1658247110,256124192,1,1,1,39,0,1
1658246972,27364581,1,1,1,19,3,2
1658246956,653127524,1,1,1,21,5,4
1658246797,2515686699,1,1,1,24,0,1
1658247220,210737808,1,1,1,19,0,5
1658247182,259977414,1,1,1,13,5,3
1658247178,82568336,1,1,1,22,1,2
1658247231,1021176825,1,1,1,13,7,1
1658247239,54000611,1,1,1,21,1,3
1658247338,66491408,1,1,1,27,0,4
1658247348,100872260,1,1,1,33,3,2
1658247331,36151,1,1,1,13,0,3
1658247338,213848056,1,1,1,6,46,2
1658247310,452936197,1,1,1,35,23,0
1658247349,54000545,1,1,1,44,16,3
1658247249,66505511,1,1,1,17,10,1
1658247270,224256188,1,1,1,25,1,2
1658247278,66491386,1,1,1,16,36,2
1658247080,1023083417,1,1,1,16,3,0
1658247317,54000539,1,1,1,23,9,2
1658247130,1025995767,1,1,1,2,12,6
1658247320,101490103,1,1,1,20,2,1
1658247264,82432573,1,1,1,45,1,2
1658247294,1021553839,1,1,1,30,1,4
1658247316,54000541,1,1,1,18,11,0
1658247188,653065577,1,1,1,24,1,4
1658247304,1034242363,1,1,1,31,0,2
1658247341,335780498,1,1,1,10,17,5
1658247306,256403519,1,1,1,18,1,2
1658247350,484387018,1,1,1,27,0,1
1658247331,544249939,1,1,1,37,11,1
1658247265,1035816937,1,1,1,20,5,2
1658247279,66507229,1,1,1,19,5,1
1658247341,27415012,1,1,1,22,41,3
1658247061,263610599,1,1,1,43,0,1
1658247086,49772483,1,1,1,15,0,3
1658247265,653066427,1,1,1,14,8,4
1658247312,129089749,1,1,1,27,2,2
1658247221,100770878,1,1,1,13,7,2
1658246580,27415297,1,1,1,43,0,7
1658247091,54000607,1,1,1,8,11,0
1658247307,13283986,1,1,1,26,4,3
1658247347,100910836,1,1,1,29,8,8
1658247326,6515,1,1,1,11,16,2
1658247272,41523981,1,1,1,24,5,3
1658246909,1034247348,1,1,1,31,1,1
1658247199,39536951,1,1,1,25,2,6
1658247185,35089539,1,1,1,20,1,1
1658247345,27415169,1,1,1,11,9,2
1658247335,15412563,1,1,1,9,11,2
1658242092,30179848,1,1,1,27,0,0
1658247081,27363029,1,1,1,29,3,0
1658247316,484889494,1,1,1,5,14,5
1658247287,27363256,1,1,1,6,13,4
1658247242,100902274,1,1,1,16,17,3
1658247301,15414455,1,1,1,32,1,1
1658247218,27415285,1,1,1,4,19,2
1658247343,78348185,1,1,1,39,7,5
1658247339,36003,1,1,1,13,6,3
1658246964,27415215,1,1,1,24,0,1
1658247072,263732151,1,1,1,31,0,2
1658247345,1036199130,1,1,1,4,8,9
1658247277,129161858,1,1,1,27,1,2
1658247284,653035822,1,1,1,21,4,2
1658247344,27414460,1,1,1,27,3,5
1658247327,76488849,1,1,1,16,19,1
1658247306,66505513,1,1,1,10,12,7
1658247125,129050965,1,1,1,4,10,2
1658247302,66491368,1,1,1,23,21,4
1658247140,82419429,1,1,1,32,4,4
1658247140,349750111,1,1,1,22,3,3
1658247033,52453,1,1,1,24,0,1
1658247342,210389577,1,1,1,8,5,3
1658247278,15401095,1,1,1,24,16,4
1658247248,1055553396,1,1,1,13,1,0
1658242047,210394523,1,1,1,24,7,2
1658247342,1036226943,1,1,1,22,2,9
1658247333,1056959071,1,1,1,25,3,10
1658247292,60667075,1,1,1,12,6,4
1658247336,66491371,1,1,1,18,9,2
1658247262,486833337,1,1,1,11,20,2
1658247348,1055541632,1,1,1,17,17,6
1658247345,75313725,1,1,1,27,1,2
1658247091,606669250,1,1,1,25,7,4
1658246451,653069115,1,1,1,32,0,2
1658247322,15383032,1,1,1,23,13,3
1658247341,54000561,1,1,1,17,10,2
1658247122,54001190,1,1,1,25,0,2
1658247148,460558111,1,1,1,14,2,1
1658247199,82569809,1,1,1,20,1,1
1658246842,11851037297,1,1,1,30,1,2
1658246878,266052390,1,1,1,24,0,3
1658247294,37952191,1,1,1,23,5,3
1658247204,34300292,1,1,1,4,14,6
1658247345,82554786,1,1,1,26,0,4
1658246815,268976295,1,1,1,26,3,3
1658247302,27415444,1,1,1,27,0,2
1658247070,84983562,1,1,1,40,4,5
1658247348,129081441,1,1,1,15,2,4
1658247336,653073004,1,1,1,27,16,4
1658247231,1056986761,1,1,1,22,25,6
1658247311,41610121,1,1,1,4,16,6
1658247322,82566934,1,1,1,49,2,2
1658247303,128936618,1,1,1,11,15,9
1658247344,35106544,1,1,1,51,1,3
1658247346,267976590,1,1,1,19,41,4
1658247053,1056965116,1,1,1,46,3,1
1658247349,54000630,1,1,1,16,8,1
1658247285,54000567,1,1,1,26,0,7
1658247228,1599921040,1,1,1,29,1,0
1658247176,129096696,1,1,1,9,1,3
1658247326,82590367,1,1,1,29,25,1
1658247304,82573931,1,1,1,33,2,2
1658247325,82436057,1,1,1,13,4,5
1658247033,43219958,1,1,1,36,1,2
1658247243,269953055,1,1,1,29,0,0
1658247265,82448637,1,1,1,37,7,1
1658247318,271540743,1,1,1,20,3,2
1658247172,452347778,1,1,1,15,4,1
1658247168,13372702,1,1,1,33,0,0
1658247003,1599931563,1,1,1,27,1,1
1658247282,15411223,1,1,1,23,1,0
1658247334,85152599,1,1,1,35,9,2
1658247291,284711589,1,1,1,6,8,4
1658247349,30550,1,1,1,10,13,1
1658247236,478593396,1,1,1,12,0,5
1658247328,213675430,1,1,1,2,42,5
1658247299,462875227,1,1,1,13,5,5
1658247284,213693126,1,1,1,14,2,5
1658247275,363735875,1,1,1,8,5,2
1658247111,265266148,1,1,1,19,2,1
1658247198,357491025,1,1,1,22,0,0
1658247283,457713145,1,1,1,35,2,5
1658247320,392576677,1,1,1,13,6,3
1658247349,66491406,1,1,1,45,0,2
1658247268,338853596,1,1,1,16,7,3
1658247103,1056995858,1,1,1,24,0,4
1658247210,27414924,1,1,1,19,1,1
1658247342,390075668,1,1,1,22,14,1
1658247347,54000550,1,1,1,4,18,9
1658247250,1056972307,1,1,1,44,1,4
1658247278,653217067,1,1,1,13,1,4
1658247203,1109534105,1,1,1,16,0,4
1658247350,124390478,1,1,1,15,1,1
1658247265,365181481,1,1,1,33,10,9
1658246805,653076373,1,1,1,25,7,3
1653895841,11851327865,0,0,0,30,0,0
1658247296,52456,1,1,1,28,0,0
1658247326,15310509,1,1,1,8,4,3
1658247131,275968458,1,1,1,57,0,1
1658247060,213995665,1,1,1,25,2,1
1658247259,1056979685,1,1,1,13,6,6
1658247288,128928526,1,1,1,13,0,2
1658247344,27415123,1,1,1,24,0,3
1658247327,287096529,1,1,1,37,5,0
1658247341,97705710,1,1,1,19,12,8
1658247310,13242682,1,1,1,29,2,0
1658246966,278576043,1,1,1,14,2,1
1658247012,213695073,1,1,1,33,0,0
1658247236,284708999,1,1,1,37,0,0
1658247234,653079520,1,1,1,12,0,6
1658136341,653076393,1,1,1,8,13,13
1658247236,129069108,1,1,1,26,6,7
1597371137,213936755,1,0,0,49,0,0
1658246961,30641281,1,1,1,11,10,0
1658247335,54000593,1,1,1,23,11,4
1658247165,27362949,1,1,1,29,0,2
1658247338,1057003116,1,1,1,20,8,2
1658247199,285726279,1,1,1,23,0,1
1652035916,41587607,1,0,0,30,0,0
1658247012,285454061,1,1,1,12,0,3
1658247297,213686471,1,1,1,21,1,2
1658247291,7261,1,1,1,16,2,1
1658247283,291354793,1,1,1,17,27,4
1658247294,213685863,1,1,1,10,39,2
1658247347,653062048,1,1,1,10,3,11
1658247261,1062812659,1,1,1,44,12,1
1658247230,653079135,1,1,1,9,2,3
1658247223,38319086,1,1,1,33,0,2
1658247347,653129435,1,1,1,12,2,2
1658247309,221032834,1,1,1,39,6,3
1658247316,124622630,1,1,1,33,1,2
1658247345,594942659,1,1,1,3,7,9
1658247229,96512532,1,1,1,4,12,2
1658247188,362178041,1,1,1,16,10,2
1658247340,100783424,1,1,1,15,48,2
1658247301,27415524,1,1,1,3,17,3
1658247344,422639331,1,1,1,2,11,16
1658247300,1057061349,1,1,1,27,0,2
1658247164,292871105,1,1,1,18,0,3
1658247284,38280,1,1,1,14,1,2
1658247338,653125838,1,1,1,21,5,2
1658247321,476053320,1,1,1,22,2,2
1658247285,129121741,1,1,1,47,1,0
1658247277,404947652,1,1,1,5,23,3
1658246973,129142199,1,1,1,27,0,2
1658247311,210584503,1,1,1,8,2,1
1658247157,42541542,1,1,1,31,2,0
1658247327,27363558,1,1,1,16,7,4
1658247195,214109662,1,1,1,18,0,2
1658247233,653122771,1,1,1,4,18,1
1658247246,35147530,1,1,1,11,10,2
1658246891,1057081237,1,1,1,23,0,0
1658247287,101756482,1,1,1,25,14,7
1658247142,1057179405,1,1,1,27,0,0
1658247343,653135400,1,1,1,1,20,5
1658247279,213689228,1,1,1,37,5,0
1658246878,409364001,1,1,1,15,2,1
1658247344,129079313,1,1,1,26,11,4
1658247348,129135654,1,1,1,5,21,2
1658247326,653080383,1,1,1,5,38,3
1658246983,1057039016,1,1,1,16,3,1
1658247312,1057045129,1,1,1,20,16,3
1658247301,1190800638,1,1,1,20,0,2
1658247081,302725495,1,1,1,51,0,0
1658247165,303102719,1,1,1,9,0,2
1658247348,27363277,1,1,1,34,2,2
1658247336,6295,1,1,1,13,5,2
1658247322,303452950,1,1,1,19,4,10
1658246792,54000617,1,1,1,17,0,3
1526880629,213691137,1,0,0,30,0,0
1658247233,653131074,1,1,1,23,1,1
1658247311,308082350,1,1,1,7,6,2
1658247249,653126035,1,1,1,4,7,9
1658247268,36473,1,0,0,12,1,0
1658247253,210745258,1,1,1,37,5,4
1658247316,37921892,1,1,1,16,5,3
1658247177,457834134,1,1,1,24,1,2
1658247051,653123610,1,1,1,21,10,2
1658247152,35101194,1,1,1,7,22,0
1658247332,54000615,1,1,1,25,0,3
1658246785,135806005,1,1,1,12,0,5
1658247242,66491395,1,1,1,36,2,0
1658247070,653135378,1,1,1,35,0,1
1658247220,54000562,1,1,1,24,1,5
1658247346,402212574,1,1,1,17,8,3
1658247027,1057184567,1,1,1,32,0,1
1658247292,1057319366,1,1,1,7,14,6
1658247249,34235349,1,1,1,25,0,1
1658247013,210751059,1,1,1,12,0,4
1658247277,1057203651,1,1,1,12,17,13
1658247196,453172172,1,1,1,9,1,3
1658247277,478385490,1,1,1,24,1,4
1658247181,102326776,1,1,1,23,0,0
1658247322,213706622,1,1,1,19,1,1
1658247349,213686749,1,1,1,33,0,3
1658247097,1057302263,1,1,1,14,4,0
1658247165,82572699,1,1,1,25,1,0
1658247257,311552027,1,1,1,39,3,2
1658247100,27269170,1,1,1,13,6,1
1658244450,82550543,1,1,1,23,26,3
1658247075,82375611,1,1,1,40,0,4
1658247022,443402852,1,1,1,47,1,0
1658247193,1062162270,1,1,1,7,6,6
1658247292,38192,1,1,1,31,2,1
1658247347,84958519,1,1,1,25,5,1
1658247292,559980654,1,1,1,4,16,3
1658247155,213952930,1,0,0,30,0,0
1658247288,458086607,1,1,1,11,12,4
1658247241,7247,1,1,1,21,0,1
1658247331,653081846,1,1,1,29,1,0
1658247316,213689815,1,1,1,18,14,3
1658247209,443198808,1,1,1,33,0,2
1658246881,620676855,1,1,1,5,11,6
1658247306,98187918,1,1,1,8,34,13
1658246786,13191324,1,1,1,33,0,0
1658247245,210738704,1,1,1,12,9,3
1658247284,102745622,1,1,1,5,21,2
1658247230,213999554,1,1,1,16,4,0
1658247345,213677219,1,1,1,5,14,1
1658247196,6294,1,1,1,5,12,4
1658247127,85155919,1,1,1,28,2,0
1658247190,1062238429,1,1,1,7,7,2
1658247342,369011098,1,1,1,8,9,4
1658247284,102343591,1,1,1,17,6,7
1658247234,27415150,1,1,1,20,0,1
1658247291,82565383,1,1,1,40,2,3
1658247126,653134004,1,1,1,25,1,0
1658247309,27415246,1,1,1,24,17,0
1658247340,389788858,1,1,1,34,32,7
1658247294,1056947780,1,1,1,29,1,0
1658247013,38327,1,1,1,31,2,6
1658247290,100925033,1,1,1,7,33,5
1658247207,109609241,1,1,1,10,22,0
1658247320,101491821,1,1,1,36,2,0
1658247082,82562496,1,1,1,16,2,1
1658247295,235197110,1,1,1,12,30,4
1658247329,417088374,1,1,1,7,26,4
1658247203,129145892,1,1,1,36,3,7
1658247305,439750210,1,1,1,19,6,0
1658247317,82584215,1,1,1,44,14,2
1658247192,42720305,1,1,1,36,1,1
1658247343,653205656,1,1,1,16,3,7
1658247246,653147618,1,1,1,21,0,5
1658247337,335989765,1,1,1,46,2,0
1658246857,417623119,1,1,1,19,0,1
1658247348,54000632,1,1,1,23,5,3
1658247344,428088564,1,1,1,17,4,3
1658247328,365886904,1,1,1,29,2,5
1658247299,85015750,1,1,1,32,0,6
1658247236,27064639,1,1,1,20,1,0
1658247275,102722579,1,1,1,10,12,4
1658247287,653083263,1,1,1,20,18,1
1658247307,39151458,1,1,1,15,1,2
1658247345,213682190,1,1,1,41,1,1
1658247254,468354634,1,1,1,21,3,6
1658247308,379063990,1,1,1,19,0,3
1658247125,221036108,1,1,1,44,2,1
1658247312,213692227,1,1,1,29,2,5
1658247347,75641607,1,1,1,31,1,0
1658246922,653137566,1,1,1,29,2,2
1658247349,213674686,1,1,1,23,6,7
1658247223,38522,1,1,1,20,0,1
1658247300,488889101,1,1,1,19,6,5
1658247351,653083675,1,1,1,15,0,5
1658247335,266422568,1,1,1,18,0,5
1658247117,488872892,1,1,1,25,16,0
1658247328,488800137,1,1,1,22,2,2
1658247272,1057730786,1,1,1,4,11,4
1658247280,131094294,1,1,1,19,6,4
1658247351,129016495,1,1,1,17,32,3
1658247228,1057335613,1,1,1,21,8,1
1658247350,491687415,1,1,1,7,9,6
1658247295,39202840,1,1,1,16,0,0
1658247097,653141822,1,1,1,17,2,1
1658247239,488980540,1,1,1,30,2,2
1658247318,54000599,1,1,1,16,1,7
1658247208,1057221951,1,1,1,7,16,3
1658247030,653137567,1,1,1,10,12,0
1658246914,54000600,1,1,1,27,1,4
1658247251,82455731,1,1,1,53,7,1
1658247341,15212034,1,1,1,14,1,3
1658247275,494183852,1,1,1,35,1,2
1658247282,1057399900,1,1,1,17,2,5
1658247209,559595472,1,1,1,10,11,2
1658247220,210395439,1,1,1,7,3,16
1658246890,491932748,1,1,1,36,0,3
1658247257,1057329581,1,1,1,15,6,2
1658247125,1057378487,1,1,1,13,2,4
1658247280,1057737444,1,1,1,30,15,6
1658247229,82336035,1,1,1,12,4,1
1658247338,1314450240,1,1,1,12,2,1
1658247338,2515636592,1,1,1,13,1,4
1658247338,255322397,1,1,1,25,0,1
1658247235,653139063,1,1,1,36,12,3
1658247324,1057091571,1,1,1,7,15,4
1658247342,210582231,1,1,1,15,9,1
1658247348,653087180,1,1,1,20,2,8
1656114400,583171360,1,0,0,30,0,0
1658247293,312870435,1,1,1,7,0,2
1658247338,1057354004,1,1,1,6,18,2
1658247235,129106450,1,1,1,27,4,3
1658247266,1057405802,1,1,1,26,1,2
1658247155,27414544,1,1,1,10,4,7
1658247258,213894629,1,1,1,42,1,1
1658247344,100923502,1,1,1,4,7,5
1658247248,129059516,1,1,1,41,2,1
1658247291,1227051850,1,1,1,19,19,1
1658247260,1057748427,1,1,1,36,2,5
1658247330,285001735,1,1,1,25,12,2
1658247300,54000560,1,1,1,1,10,7
1658247056,1062742831,1,1,1,36,0,1
1658247339,101017160,1,1,1,23,6,1
1658247281,100933541,1,1,1,21,3,2
1658247341,36391,1,1,1,1,17,3
1658247134,100934967,1,1,1,20,9,4
1658247347,437741660,1,1,1,3,31,9
1658246915,1062783107,1,1,1,26,4,0
1658247068,15309045,1,1,1,13,1,1
1658247199,653086121,1,1,1,25,0,6
1658247040,653139897,1,1,1,16,2,8
1658247341,476155906,1,1,1,2,12,10
1658247283,101011685,1,1,1,12,10,1
1658247325,27415547,1,1,1,16,2,7
1658247332,54000543,1,1,1,14,12,3
1613934558,1015246367,1,0,0,25,0,0
1658247306,284787594,1,1,1,33,0,5
1658247349,1057765913,1,1,1,34,3,0
1658247338,1062704564,1,1,1,19,8,10
1658247334,221043930,1,1,1,32,0,4
1658247288,1057234527,1,1,1,16,16,8
1658247341,49498164,1,1,1,14,0,0
1658247348,76121343,1,1,1,9,3,0
1658246833,1057072168,1,1,1,21,2,0
1658247317,1062685145,1,1,1,4,11,2
1658247273,1056715831,1,1,1,12,8,1
1658247324,101742129,1,1,1,33,2,2
1658246848,1057360420,1,1,1,25,0,1
1658247223,49117995,1,1,1,15,0,1
1658247120,214119792,1,1,1,7,9,3
1658247299,1057366813,1,1,1,21,5,6
1658247320,37504995,1,1,1,11,19,2
1658247107,131908132,1,1,1,17,0,1
1658247310,27363337,1,1,1,23,7,2
1658247321,125811629,1,1,1,3,20,20
1658247334,102307005,1,1,1,15,3,5
1658247330,1057753858,1,1,1,2,28,2
1658247198,452341449,1,1,1,24,0,1
1658247351,54000590,1,1,1,38,6,2
1658247289,6298,1,1,1,21,0,0
1658247317,27359295,1,1,1,25,0,4
1658247021,54000587,1,1,1,30,1,1
1658247097,81212212,1,1,1,18,3,1
1658247350,653087914,1,1,1,20,5,2
1658247216,41219552,1,1,1,6,16,1
1658247315,101738550,1,1,1,6,7,7
1658247151,54000622,1,1,1,24,1,3
1658247139,82339935,1,1,1,32,1,1
1658247165,27414713,1,1,1,21,4,2
1658247343,54000564,1,1,1,25,1,2
1658247346,13912564,1,1,1,3,20,2
1658247341,42907187,1,1,1,12,12,1
1658247157,58311330,1,1,1,20,0,3
1658247264,100967498,1,1,1,42,3,3
1658247338,39149651,1,1,1,11,31,7
1658247246,43247025,1,1,1,12,2,2
1658247267,70903158,1,1,1,24,0,0
1658247183,37879071,1,1,1,27,3,3
1658247330,41464928,1,1,1,56,3,2
1658247051,54000619,1,1,1,28,4,0
1658247337,38060,1,1,1,37,2,3
1658247192,101008598,1,1,1,32,5,3
1658247337,82332239,1,1,1,7,18,11
1658247254,75525462,1,1,1,39,3,2
1658247319,15462861,1,1,1,23,5,3
1658247119,95845524,1,1,1,12,4,0
1658247230,38407,1,1,1,36,2,1
1658247259,82554449,1,1,1,58,1,1
1658247332,39535340,1,1,1,9,20,1
1658247336,1062797394,1,1,1,14,6,4
1658247318,54000570,1,1,1,32,1,3
1658247217,1062256852,1,1,1,10,2,8
1658247334,1057373549,1,1,1,12,7,3
1658247304,653089942,1,1,1,11,8,2
1658247318,128841079,1,1,1,14,17,6
1658247315,220504949,1,1,1,9,20,2
1658247348,15308712,1,1,1,20,1,1
1658247142,7295,1,1,1,13,1,1
1658247348,27296946,1,1,1,10,11,6
1658247142,653143563,1,1,1,29,0,1
1658247331,443153677,1,1,1,25,7,4
1658247170,265201872,1,1,1,44,7,1
1658247234,66505510,1,1,1,55,3,4
1658247056,66491391,1,1,1,28,1,3
1658247091,1062245074,1,1,1,3,16,6
1658246846,201923447,1,1,1,21,11,4
1658247221,9931940126,1,1,1,36,1,1
1658247262,1057758764,1,1,1,31,0,6
1658247015,653144717,1,1,1,13,6,2
1658246986,42275164,1,1,1,34,0,2
1658247286,125623876,1,1,1,17,0,1
1658247302,85031184,1,1,1,49,1,1
1658247349,97824043,1,1,1,4,12,4
1658247219,66491379,1,1,1,11,0,1
1658246805,39169029,1,1,1,22,0,1
1658247281,35600927,1,1,1,31,1,3
1658247125,100868590,1,1,1,19,4,0
1658247318,54000616,1,1,1,22,1,6
1658246974,27364642,1,1,1,25,1,1
1658247325,66491381,1,1,1,27,1,3
1658247290,49094984,1,1,1,33,2,0
1658247015,77773,1,1,1,25,0,2
1658246900,15463487,1,1,1,23,2,1
1658247190,52518,1,1,1,20,0,2
1658247222,1062874070,1,1,1,34,2,3
1658247175,82574198,1,1,1,24,13,3
1658247350,30730,1,1,1,25,4,6
1658247286,27415389,1,1,1,26,0,3
1658244842,1062802530,1,1,1,15,4,2
1658247305,653091206,1,1,1,35,1,3
1658247299,653042678,1,1,1,17,7,1
1658247210,75345531,1,1,1,3,6,6
1658247262,66505516,1,1,1,25,14,4
1658247228,49341735,1,1,1,37,1,2
1658247343,15309674,1,1,1,17,2,2
1658247301,66491367,1,1,1,3,4,7
1658247224,129023855,1,1,1,23,0,1
1658247149,54000554,1,1,1,24,5,1
1658247313,27414902,1,1,1,17,0,3
1658247141,2515672078,1,1,1,20,1,1
1658247112,35317080,1,1,1,16,1,2
1658247229,27415179,1,1,1,22,0,0
1658247140,653146273,1,1,1,7,13,1
1658247161,1062882947,1,1,1,17,0,4
1658247304,653091677,1,1,1,8,8,7
1658247218,35472299,1,1,1,11,0,1
1658247322,1805255023,1,1,1,15,13,2
1658247277,66489651,1,1,1,20,11,1
1658247029,1057207064,1,1,1,8,5,11
1658247275,39626277,1,1,1,11,1,2
1658247088,213687475,1,1,1,12,3,6
1658247251,1062982815,1,1,1,17,0,2
1658247233,128890772,1,1,1,4,16,7
1658247288,266963426,1,1,1,41,8,0
1658247174,7268,1,1,1,24,1,2
1658247330,1237624420,1,1,1,27,1,2
1658247213,129152818,1,1,1,19,0,1
1658247318,27313492,1,1,1,22,2,4
1658247232,338824395,1,1,1,8,6,2
1658247254,128932790,1,1,1,24,2,3
1658247350,100760396,1,1,1,14,13,2
1658247280,210585225,1,1,1,11,3,6
1658247130,82396562,1,1,1,11,4,4
1658247323,312165511,1,1,1,19,7,6
1658247197,262607058,1,1,1,30,0,3
1658157404,1074095810,1,1,1,21,0,1
1658247333,128880156,1,1,1,2,18,3
1658246932,27415411,1,1,1,23,0,0
1658247257,210387163,1,1,1,13,11,5
1658247124,653150828,1,1,1,13,4,1
1658247304,443654970,1,1,1,15,18,3
1658247263,1063971944,1,1,1,28,1,0
1658247262,15153595,1,1,1,28,0,4
1658247116,54000465,1,1,1,7,17,3
1658247150,471094898,1,1,1,14,3,6
1658247317,66499894,1,1,1,19,9,2
1658247215,100759356,1,1,1,2,11,3
1658247274,1062911162,1,1,1,27,0,1
1658247340,42341698,1,1,1,25,15,2
1658247053,653187900,1,1,1,34,2,2
1658225064,128874528,1,1,1,4,8,5
1658247163,1062827573,1,1,1,26,2,1
1658247334,54000542,1,1,1,3,19,6
1658247144,1074187051,1,1,1,19,3,4
1658247325,331153695,1,1,1,18,5,1
1658247220,1074142878,1,1,1,9,2,9
1658247208,11874261013,1,1,1,13,5,1
1658247311,213680246,1,1,1,27,3,5
1658247313,1064000778,1,1,1,17,33,3
1658247324,1074060095,1,1,1,27,0,1
1658247349,1057290902,1,1,1,40,1,2
1658247349,80419347,1,1,1,20,5,1
1658246921,1063000561,1,1,1,16,2,1
1658247216,213680553,1,1,1,49,0,3
1658247254,1063012692,1,1,1,12,1,6
1658247340,54000538,1,1,1,9,18,2
1658247211,82499609,1,1,1,7,28,1
1658246871,1064008882,1,1,1,12,2,5
1658247303,653152142,1,1,1,14,2,3
1658247194,129029327,1,1,1,17,0,2
1658247341,1063429705,1,1,1,17,1,3
1658247157,478250062,1,1,1,6,13,5
1658247244,1062833975,1,1,1,32,0,2
1658247233,11908510683,1,1,1,21,1,3
1658247298,2515756572,1,1,1,31,0,1
1658247234,1063410400,1,1,1,14,1,7
1658247339,80298493,1,1,1,23,2,0
1658247246,98132679,1,1,1,48,0,1
1658247350,96608796,1,1,1,16,7,3
1658247263,58391194,1,1,1,21,6,0
1658247252,1396728955,1,1,1,13,10,0
1658247219,128878135,1,1,1,12,10,4
1658089182,48800374,1,0,0,6,4,4
1658247327,1063044618,1,1,1,3,22,4
1658247325,1063421211,1,1,1,38,0,2
1658247336,569583918,1,1,1,30,11,3
1658247237,129083553,1,1,1,22,4,5
1658247166,1074204954,1,1,1,1,21,4
1658247310,100767550,1,1,1,22,18,3
1658247224,1074333296,1,1,1,28,11,1
1658247296,11908496227,1,1,1,20,3,1
1658247302,54000537,1,1,1,9,6,1
1658243034,653094517,1,1,1,23,6,11
1658247334,1063984816,1,1,1,18,0,0
1658247293,442739463,1,1,1,2,10,6
1658247320,380891087,1,1,1,20,11,3
1658247346,49423507,1,1,1,20,25,7
1658247269,128834707,1,1,1,6,16,0
1658247252,78374110,1,1,1,4,10,1
1658247323,653097126,1,1,1,19,4,3
1658246936,391845823,1,1,1,21,3,1
1658247318,15433394,1,1,1,32,2,6
1658247099,653140345,1,1,1,22,0,2
1658247347,15290700,1,1,1,16,2,3
1658247337,276989966,1,1,1,0,9,9
1658247272,2515885093,1,1,1,7,13,10
1658247332,54001189,1,1,1,22,4,1
1658247234,653153519,1,1,1,3,4,13
1658247317,39887632,1,1,1,11,5,8
1658247341,581480367,1,1,1,67,0,0
1658247335,6293,1,1,1,12,14,2
1658247298,653072212,1,1,1,8,11,10
1658247235,128843085,1,1,1,10,17,1
1658247205,1063027377,1,1,1,19,3,3
1658247292,653085678,1,1,1,16,4,3
1658247342,6352,1,1,1,9,6,1
1658247328,120564786,1,1,1,44,12,2
1658247329,210386007,1,1,1,7,9,5
1658247341,6245,1,1,1,7,17,3
1658247134,1063053136,1,1,1,12,3,4
1658247344,27414358,1,1,1,10,7,0
1658246759,101751231,1,1,1,28,2,6
1658246896,1074339090,1,1,1,19,3,3
1658247182,1062844489,1,1,1,32,0,0
1658247212,54000596,1,1,1,32,1,1
1658247344,39169877,1,1,1,54,7,5
1658247264,653155159,1,1,1,11,3,7
1658247341,653099465,1,1,1,18,1,11
1658247346,323468705,1,1,1,7,11,4
1658247281,1810975577,1,1,1,27,2,0
1658247245,2705356759,1,1,1,19,5,3
1658247092,35380305,1,1,1,34,1,0
1658247072,100790494,1,1,1,21,1,1
1658247263,653040243,1,1,1,12,11,3
1658247152,1063061372,1,1,1,29,3,2
1658247244,2705290225,1,1,1,21,9,0
1658247345,214019379,1,1,1,18,3,4
1658247221,82574979,1,1,1,22,2,2
1658246968,1599896463,1,1,1,20,0,3
1658247350,1987547083,1,1,1,28,1,1
1658247333,2705338817,1,1,1,11,9,2
1658247321,1074410417,1,1,1,26,2,0
1658247307,1074352578,1,1,1,17,2,6
1658247266,53999465,1,1,1,21,32,13
1658246962,653156540,1,1,1,34,0,1
1658247284,54000573,1,1,1,31,3,2
1658246923,210328645,1,0,0,19,0,0
1658247200,99886640,1,1,1,10,13,1
1658247063,129080400,1,1,1,23,0,0
1658247287,1981490798,1,1,1,13,6,4
1658247316,66491366,1,1,1,11,24,1
1658247321,6297,1,1,1,16,0,1
1658087321,653031913,1,0,0,19,0,0
1658247333,1074428106,1,1,1,20,7,2
1658247137,653102462,1,1,1,12,21,8
1658247190,1057210479,1,1,1,9,3,3
1658247349,27414527,1,1,1,3,11,4
1658247304,653092274,1,1,1,29,3,1
1658247280,208603342,1,1,1,0,11,9
1658247283,311153993,1,1,1,9,15,8
1658247144,632086890,1,1,1,9,11,5
1658247329,653104215,1,1,1,33,0,1
1658247315,54000557,1,1,1,20,0,0
1658247275,653110858,1,1,1,8,10,5
1658247347,653159330,1,1,1,17,7,4
1658247233,49424560,1,1,1,27,3,5
1658247106,653165196,1,1,1,5,20,1
1658247274,1074390359,1,1,1,4,20,4
1658247334,2002864789,1,1,1,8,5,2
1658247174,11146714746,1,1,1,22,4,2
1658247226,11146696292,1,1,1,15,14,1
1658247049,653107480,1,1,1,19,2,0
1658247207,1988517250,1,1,1,14,1,9
1658247319,74864208,1,1,1,24,2,2
1658247135,653166892,1,1,1,12,9,9
1658247346,653106960,1,1,1,3,29,5
1658247177,82468690,1,1,1,49,3,3
1658247340,54000536,1,1,1,29,4,1
1658247212,39565873,1,1,1,25,1,0
1658247288,1074398925,1,1,1,2,9,24
1658247088,12225158518,1,1,1,23,1,3
1658247270,12225289563,1,1,1,22,0,4
1658247303,567884788,1,1,1,13,9,0
1658247343,99950133,1,1,1,45,4,3
1658247304,549480297,1,1,1,12,10,0
1658247152,12196660096,1,1,1,26,0,3
1658247205,653175838,1,1,1,12,0,5
1658247310,84960402,1,1,1,18,18,0
1658247304,2515701705,1,1,1,15,0,5
1658247301,15550433574,1,1,1,29,0,9
1658246921,11218473640,1,1,1,23,0,1
1632509667,54000558,1,0,0,0,0,0
1658247237,653110492,1,1,1,4,18,5
1658247140,102339791,1,1,1,11,9,6
1658246951,52474,1,1,1,21,0,0
1658247143,486750405,1,1,1,16,3,3
1658247346,10773448319,1,1,1,8,10,8
1658247289,11438171152,1,1,1,16,1,5
1658247278,653046369,1,1,1,15,6,5
1658247147,125370566,1,1,1,18,0,0
1658247308,66491396,1,1,1,28,12,8
1658247339,102328355,1,1,1,15,4,1
1658247321,76352106,1,1,1,9,21,0
1658247199,653180903,1,1,1,15,13,7
1658247329,101015227,1,1,1,4,27,2
1658247269,74805344,1,1,1,15,7,8
1658247322,78124875,1,1,1,50,2,3
1658247296,54000578,1,1,1,19,7,5
1658247287,102724418,1,1,1,4,18,2
1658247315,102287315,1,1,1,12,21,9
1658247270,42950428,1,1,1,41,6,3
1658247279,100921894,1,1,1,13,3,0
1658247341,82429586,1,1,1,33,5,1
1658247271,37995,1,1,1,27,18,4
1658247337,653193536,1,1,1,13,2,4
1658247248,54000589,1,1,1,57,8,2
1658247347,74692052,1,1,1,32,0,1
1658247305,35080917,1,1,1,24,5,0
1658247136,89553051,1,1,1,16,0,3
1658247345,11218807773,1,1,1,11,31,1
1658247338,101759167,1,1,1,35,9,1
1658247122,37420,1,1,1,9,7,1
1658247321,27363058,1,1,1,21,1,1
1658247346,66491390,1,1,1,28,6,5
1658247267,653114003,1,1,1,14,7,4
1658247319,27363206,1,1,1,25,1,2
1658247315,54000591,1,1,1,29,6,2
1658247328,49791363,1,1,1,15,11,3
1658247297,7402,1,1,1,4,6,4
1658247346,75352635,1,1,1,23,0,1
1658247273,34836174,1,1,1,26,1,4
1658247350,6354,1,1,1,6,25,1
1628239218,16206842336,0,0,0,0,0,0
1658247172,101022698,1,1,1,23,10,2
1658247338,27415194,1,1,1,34,2,0
1658247291,54000624,1,1,1,20,0,0
1658247089,653114443,1,1,1,0,17,3
1658247341,74635382,1,1,1,29,2,4
1658247269,653190196,1,1,1,34,0,1
1658247259,27363156,1,1,1,17,4,1
1658247072,39776330,1,1,1,12,1,4
1658247201,54000594,1,1,1,26,0,1
1658247313,66491373,1,1,1,4,12,2
1658247094,66491409,1,1,1,19,1,0
1658247343,82583924,1,1,1,27,0,2
1658247300,124183944,1,1,1,40,10,2
1658247348,27363389,1,1,1,11,13,2
1658247170,653184632,1,1,1,30,1,2
1658247126,102751453,1,1,1,24,2,1
1628171945,16206691682,0,0,0,0,0,0
1658247241,35263507,1,1,1,20,2,1
1658247312,58086242,1,1,1,10,0,1
1658247339,82440673,1,1,1,44,2,4
1658247313,27399547,1,1,1,15,2,5
1658247349,54000610,1,1,1,62,2,2
1658247322,13356269,1,1,1,26,2,2
1658247181,54000583,1,1,1,31,1,4
1658247242,63279,1,1,1,15,1,0
1658247254,125918662,1,1,1,17,2,2
1658247180,15163771,1,1,1,20,9,0
1658247293,82571023,1,1,1,41,2,2
1658247345,100893610,1,1,1,25,30,1
1658246972,27363205,1,1,1,34,0,1
1658247229,653197206,1,1,1,5,10,9
1658246928,27415256,1,1,1,28,2,3
1658247345,101488317,1,1,1,28,0,5
1658247293,6497,1,1,1,14,2,3
1658247336,653118283,1,1,1,17,8,0
1658247154,117480156,1,1,1,38,2,0
1658247066,124167835,1,1,1,14,0,4
1658247350,74858883,1,1,1,24,3,4
1658247128,66491384,1,1,1,24,4,6
1658247274,102748267,1,1,1,18,1,4
1658247198,28233012,1,1,1,10,15,4
1658246794,27415371,1,1,1,30,2,3
1658247226,49829553,1,1,1,22,4,4
1658247343,128884445,1,1,1,25,33,4
1658247310,37848502,1,1,1,24,1,0
1658247238,54000552,1,1,1,10,19,1
1658247286,102752610,1,1,1,23,0,4
1658247347,82335295,1,1,1,12,9,7
1658247331,66491382,1,1,1,34,1,1
1658247041,124176568,1,1,1,15,0,0
1658247106,39882420,1,1,1,17,2,3
1658247119,27415360,1,1,1,10,3,5
1658247338,82588494,1,1,1,27,1,1
1658247165,125542925,1,1,1,35,0,2
1658247157,54000547,1,1,1,21,11,3
1658246890,82425449,1,1,1,43,7,1
1658247101,7234,1,1,1,15,13,1
1658247011,85160045,1,1,1,26,0,0
1658247154,35816213,1,1,1,32,0,1
1658247326,82408364,1,1,1,32,1,5
1658247195,653190279,1,1,1,8,11,0
1658247178,82551956,1,1,1,29,2,0
1658247328,66491372,1,1,1,15,33,10
1658247321,82413301,1,1,1,26,4,6
1658247200,80077998,1,1,1,11,2,0
1658247230,13248144,1,1,1,32,1,1
1658246985,54000568,1,1,1,45,1,2
1658247207,39311270,1,1,1,33,0,0
1658247321,54000631,1,1,1,11,8,4
1658247025,99840124,1,1,1,41,4,1
1658247211,54000623,1,1,1,25,0,1
1658247206,653121023,1,1,1,12,11,1
1658247027,76507850,1,1,1,30,1,1
1658235486,101010226,1,1,1,57,5,1
1658247326,653194214,1,1,1,10,5,3
1658247292,11375742,1,1,1,23,0,1
1658247282,27415083,1,1,1,48,0,4
1658247148,27415333,1,1,1,52,1,2
1658247313,66491369,1,1,1,41,4,4
1658247230,27363397,1,1,1,18,0,1
1658247342,39878420,1,1,1,18,0,2
1658247187,27363504,1,1,1,27,2,0
1658247257,27414932,1,1,1,36,1,1
1658247267,14623073464,1,1,1,33,10,3
1658247324,82588656,1,1,1,24,15,13
1658247066,35471668,1,1,1,23,3,4
1658247294,27415500,1,1,1,12,5,9
1658247348,11580442,1,1,1,7,7,1
1658247287,99798962,1,1,1,8,16,11
1658247248,66507230,1,1,1,7,10,3
1658247322,125881065,1,1,1,31,1,0
1658247348,54000627,1,1,1,12,5,5
1658247304,121086415,1,1,1,12,10,1
1658247258,84961467,1,1,1,50,3,1
1658247213,54000629,1,1,1,25,8,2
1658247340,27415004,1,1,1,25,10,2
1658243356,27415128,1,1,1,16,3,1
1658247178,27414937,1,1,1,32,5,1
1658247238,42588096,1,1,1,15,7,6
1658247129,100227241,1,1,1,30,4,2
1658247160,2254322638,1,1,1,15,6,4
1658247335,15377776,1,1,1,20,9,6
1658247328,70736110,1,1,1,27,1,4
1627636430,16210188070,0,0,0,0,0,0
1627545043,16210512714,0,0,0,0,0,0
1658247189,11063317380,1,1,1,4,9,5
1658247185,121160813,1,1,1,24,2,2
1658247311,66491388,1,1,1,26,4,2
1650555662,16043228469,0,0,0,0,0,0
1650556299,16043282800,0,0,0,0,0,0
1658230245,15189890802,1,1,1,23,0,1
1658247317,16043242148,1,1,1,21,4,2
1658247130,16043316164,1,1,1,24,2,1
1658247322,54000628,1,1,1,29,25,2
1658247245,15187848239,1,1,1,18,11,1
1658247226,129095489,1,1,1,24,0,3
1658247299,1057383154,1,1,1,3,41,5
1658246972,218903767,1,1,1,55,3,3
1658247322,37647,1,1,1,19,1,5
1658247116,523900881,1,1,1,52,0,3
1658247302,54000555,1,1,1,24,6,2
1658003859,54000621,1,0,0,56,0,0
1658247329,214097180,1,1,1,5,13,3
1658237738,54000556,1,1,1,4,9,12
1658247061,2515618216,1,1,1,12,13,1
1658247345,1057387136,1,1,1,11,13,5
1658246907,11908488283,1,1,1,13,5,7
1658247154,85123644,1,1,1,25,0,1
1658247339,100863462,1,1,1,24,35,2
1658247318,253357936,1,1,1,21,35,1
1658247280,42517412,1,1,1,23,0,1
1658247328,54000551,1,1,1,5,3,9
1593435140,213699079,1,0,0,67,0,0
1658247182,10647548670,1,1,1,15,0,5
1658247348,15066765479,1,1,1,18,13,5
1658247320,10647608657,1,1,1,24,4,1
1658247304,213676294,1,1,1,0,14,7
1658247329,95073815,1,1,1,23,12,1
1558939179,16134135570,0,0,0,0,0,0
1658247346,16134083337,0,0,0,30,0,0
1658247176,11266280626,1,1,1,22,4,6
1658247264,49039283,1,1,1,14,1,3
1658247340,35642049,1,1,1,8,2,1
1658247265,11851012506,1,1,1,5,23,7
1627456205,16379269732,0,0,0,0,0,0
1658247108,27033125,1,1,1,11,0,4
1658247333,13341879803,1,1,1,4,16,4
1658246913,1074347188,1,1,1,9,11,0
1658247299,2515774908,1,1,1,19,0,4
1658247333,84986959,1,1,1,55,2,4
1658247271,11851103861,1,1,1,24,1,0
1658247315,12806084887,1,1,1,42,0,2
1658247000,123546861,1,1,1,22,0,3
1658247338,12943772652,1,1,1,23,2,3
1658247311,12948189248,1,1,1,20,3,7
1658247053,15826185972,1,1,1,16,0,0
1658247308,82423726,1,1,1,52,13,2
1658247340,252301607,1,1,1,11,9,0
1658247304,12959947458,1,1,1,23,0,0
1658247344,210581084,1,1,1,28,14,2
1658247351,101013666,1,1,1,20,21,5
1658247194,34742973,1,1,1,12,12,1
1658247112,11437761399,1,1,1,25,4,3
1658247326,11438116799,1,1,1,27,9,4
1658247246,11437961617,1,1,1,11,10,4
1658247336,11438049493,1,1,1,18,11,0
1658247281,11437651826,1,1,1,23,3,3
1658247198,11004720021,1,1,1,18,9,0
1653472786,11437706131,0,0,0,26,0,0
1658247350,102335085,1,1,1,5,25,4
1658247240,13373712848,1,1,1,23,0,1
1658247272,13373848216,1,1,1,7,1,18
1658247276,13373801574,1,1,1,17,1,8
1658246830,13373758036,1,1,1,23,0,5
1658247347,129026597,1,1,1,1,22,10
1658247308,1062807847,1,1,1,1,42,25
1658247349,478732841,1,1,1,9,4,3
1658247311,82402482,1,1,1,52,2,2
1658247341,129088667,1,1,1,30,5,3
1658246955,54000604,1,1,1,31,1,2
1658247261,43247738,1,1,1,30,2,2
1658247340,102311820,1,1,1,32,1,2
1658247335,394404659,1,1,1,14,17,13
1658247350,516395829,1,1,1,2,7,4
1658247350,368766689,1,1,1,7,18,4
1658247338,315022587,1,1,1,28,38,6
