"last_reported","station_id","is_installed","is_returning","is_renting","dock_available","mechanical_available","electric_available"
1658182246,213688169,1,1,1,31,1,3
1658182396,653222953,1,1,1,5,4,19
1658182390,516709288,1,1,1,12,4,4
1658182387,36255,1,1,1,19,1,1
1658182201,37815204,1,1,1,2,19,6
1658182355,100769544,1,1,1,16,27,2
1658182324,85002689,1,1,1,22,19,16
1658182385,123095125,1,1,1,49,9,0
1658182321,120827885,1,1,1,8,2,1
1658181981,251039991,1,1,1,23,0,2
1658182250,37874517,1,1,1,21,0,0
1658182396,66491398,1,1,1,0,41,5
1658182348,210403080,1,1,1,10,3,10
1658182370,210561800,1,1,1,11,4,2
1658182318,209063434,1,1,1,14,5,10
1658182309,94555589,1,1,1,12,6,8
1658182373,244498842,1,1,1,32,6,9
1658154121,43195240,1,1,1,24,0,1
1658182322,210405211,1,1,1,17,1,1
1658182198,501862076,1,1,1,16,0,5
1658182054,54000559,1,1,1,30,4,5
1658182184,207633746,1,1,1,48,0,0
1658181844,85043758,1,1,1,30,3,3
1658181811,210566542,1,1,1,58,1,1
1658182389,437597018,1,1,1,24,3,0
1658182350,210565680,1,1,1,20,11,2
1658182322,210397939,1,1,1,6,0,10
1658182396,82405965,1,1,1,13,24,3
1658182379,213682736,1,1,1,27,10,14
1658182295,80101533,1,1,1,31,0,3
1658182142,54000581,1,1,1,19,11,3
1658182261,13105968,1,1,1,16,2,2
1658182077,653208733,1,1,1,34,0,3
1658182363,27415224,1,1,1,8,18,5
1658182286,907054879,1,1,1,11,1,8
1658182362,129094535,1,1,1,19,11,11
1658182306,54000612,1,1,1,38,2,1
1658182039,128986726,1,1,1,32,1,0
1658182370,599135701,1,1,1,22,17,4
1658182354,102747146,1,1,1,14,6,4
1658182109,2515403527,1,1,1,28,1,1
1658182333,653132534,1,1,1,24,0,1
1658182340,506455295,1,1,1,10,4,1
1658182258,1057149522,1,1,1,1,13,6
1658182395,210567545,1,1,1,15,2,1
1658182312,2515085147,1,1,1,15,0,6
1658182081,653197324,1,1,1,11,1,10
1658182392,210408693,1,1,1,21,2,1
1658182245,42950839,1,1,1,3,11,4
1658182262,14813797734,1,1,1,12,7,8
1658182343,88230992,1,1,1,28,0,2
1658182159,499303158,1,1,1,0,23,3
1658182203,27415302,1,1,1,16,6,3
1658182372,27414512,1,1,1,36,4,0
1658182209,210580039,1,1,1,12,4,0
1658181902,49474389,1,1,1,23,0,0
1658182352,128940135,1,1,1,18,1,0
1658182320,35149611,1,1,1,2,3,7
1658182346,1057296253,1,1,1,0,58,4
1658182194,210570888,1,1,1,18,3,0
1658182349,129107656,1,1,1,3,6,11
1658182368,1057228658,1,1,1,6,1,15
1658178883,230873471,1,1,1,17,3,1
1658181849,507934805,1,1,1,19,3,2
1658182242,205047993,1,1,1,45,0,0
1658182266,39799329,1,1,1,33,0,1
1658182375,129164969,1,1,1,17,16,15
1658182353,128989986,1,1,1,28,0,0
1658182337,129004826,1,1,1,14,2,1
1658181812,518825709,1,1,1,20,1,0
1658182352,128930462,1,1,1,25,1,2
1658182333,911767210,1,1,1,18,2,0
1658182377,54000565,1,1,1,23,1,1
1658181995,210586093,1,1,1,20,1,1
1658181800,7254,1,1,1,21,3,0
1658182056,369644630,1,1,1,28,2,1
1658182372,214114469,1,1,1,1,27,2
1658182234,128887067,1,1,1,17,1,0
1658182384,55927887,1,1,1,3,30,1
1658182133,210574471,1,1,1,7,1,5
1658182370,72765603,1,1,1,6,11,3
1658182396,210582921,1,1,1,10,3,1
1658181803,43255030,1,1,1,45,2,1
1658182320,129025451,1,1,1,24,3,0
1658182381,128920403,1,1,1,25,0,2
1658182214,323616530,1,1,1,15,0,0
1658182290,208795867,1,1,1,6,1,10
1658182299,1062192012,1,1,1,2,2,29
1658182395,6296,1,1,1,8,9,0
1658182326,521393180,1,1,1,7,10,3
1658182355,576188379,1,1,1,22,0,1
1658182294,128915891,1,1,1,27,2,1
1658182167,82567101,1,1,1,7,4,11
1652812373,102290754,1,0,0,24,0,0
1658182155,457813746,1,1,1,10,1,5
1658182268,128882438,1,1,1,14,17,6
1658182378,50191171,1,1,1,18,3,1
1658182102,129014600,1,1,1,30,1,2
1658182073,3906153622,1,1,1,0,6,9
1658182347,129087587,1,1,1,13,23,2
1658182364,213693511,1,1,1,21,0,2
1658182369,82379648,1,1,1,30,0,1
1658182335,66491397,1,1,1,59,1,0
1658182248,907081682,1,1,1,0,0,0
1658182337,230877798,1,1,1,25,4,4
1658144115,2515995748,1,1,1,21,0,1
1658182335,27363162,1,1,1,13,7,3
1658181820,129021753,1,1,1,16,1,0
1658182385,210740080,1,1,1,46,2,0
1658182328,54000569,1,1,1,32,5,1
1658182345,80216231,1,1,1,37,2,0
1658182131,336511521,1,1,1,13,0,4
1658182342,129043651,1,1,1,2,14,5
1658182345,82562556,1,1,1,26,22,1
1658182261,129048000,1,1,1,18,12,15
1658182035,1062250686,1,1,1,26,2,7
1658182378,261987383,1,1,1,18,3,4
1658182328,813544903,1,1,1,24,4,1
1658181874,126050442,1,1,1,18,3,1
1658182103,27363489,1,1,1,12,5,9
1658182231,39296638,1,1,1,35,0,0
1658182341,205938683,1,1,1,44,1,6
1658182304,210399835,1,1,1,35,0,2
1658182194,1057324291,1,1,1,56,0,1
1658182294,102324803,1,1,1,31,1,7
1658181968,101763163,1,1,1,1,10,0
1658182355,653133605,1,1,1,1,28,11
1658182262,3906094706,1,1,1,20,1,11
1658182301,27414578,1,1,1,13,2,1
1658182361,508042092,1,1,1,10,21,3
1658182361,42603855,1,1,1,13,1,3
1658182255,818302209,1,1,1,47,1,2
1658182320,13718041,1,1,1,9,3,10
1658182035,265464297,1,1,1,48,1,1
1658182258,1057392676,1,1,1,9,17,8
1658136582,102309973,1,1,1,40,1,1
1658182204,532054446,1,1,1,38,15,2
1658182324,129034587,1,1,1,15,0,1
1658182376,314829539,1,1,1,19,5,24
1658182302,586539770,1,1,1,19,0,3
1658182397,3906335682,1,1,1,6,9,9
1658182302,583539396,1,1,1,8,10,7
1658182086,101753100,1,1,1,16,0,0
1658182295,27415466,1,1,1,19,1,1
1658182392,52393,1,1,1,48,0,2
1658182332,81081358,1,1,1,20,11,8
1658182238,66491385,1,1,1,1,14,9
1658182289,209057581,1,1,1,10,4,4
1658182021,66491389,1,1,1,57,1,0
1658182306,210749865,1,1,1,1,5,10
1658182187,535500589,1,1,1,62,1,1
1658182284,597245295,1,1,1,15,3,13
1658182335,213684314,1,1,1,19,4,1
1658182314,235513935,1,1,1,18,0,9
1658182216,27206194,1,1,1,8,6,4
1658182245,102323152,1,1,1,5,2,10
1658182315,129060764,1,1,1,7,19,1
1658182355,828134511,1,1,1,25,0,6
1658182303,586649404,1,1,1,12,5,7
1658182274,596813170,1,1,1,7,1,7
1658182356,596872103,1,1,1,20,0,10
1658182114,271426439,1,1,1,0,11,8
1658182053,27363187,1,1,1,24,15,4
1658182387,76199461,1,1,1,24,4,3
1658182327,230952057,1,1,1,11,13,7
1658182357,37815993,1,1,1,4,28,3
1658182211,88140066,1,1,1,62,2,1
1658182201,213683101,1,1,1,0,17,1
1658182394,213684750,1,1,1,20,11,3
1658182281,129067920,1,1,1,31,3,5
1658182343,2515049357,1,1,1,17,4,1
1658182278,27364743,1,1,1,17,0,3
1658182329,102314792,1,1,1,27,1,4
1658182316,35447568,1,1,1,12,1,8
1658182114,129038848,1,1,1,15,0,1
1658182323,27415736,1,1,1,24,1,5
1658182269,583178525,1,1,1,9,0,11
1658182343,2514995690,1,1,1,23,7,0
1658181947,82387816,1,1,1,32,0,0
1658182363,213685090,1,1,1,10,16,3
1658182288,301841024,1,1,1,7,12,10
1658182359,66491402,1,1,1,2,8,24
1658181976,213679512,1,1,1,12,7,5
1658182378,588452142,1,1,1,13,6,5
1658182388,85147829,1,1,1,18,6,1
1658182381,213681356,1,1,1,15,3,4
1658182327,2515351285,1,1,1,4,16,5
1658181958,213685514,1,1,1,19,3,1
1658182385,102329800,1,1,1,16,7,4
1658170932,54000625,1,1,1,30,2,1
1658182273,572566600,1,1,1,18,1,9
1658181843,213911772,1,1,1,52,1,2
1658182242,129132870,1,1,1,1,12,9
1658170389,620403530,1,1,1,6,9,4
1658182086,66491378,1,1,1,42,6,3
1658182299,631773910,1,1,1,2,19,3
1658182297,1765749389,1,1,1,0,11,2
1658182351,611152693,1,1,1,10,2,15
1658182256,235241110,1,1,1,16,36,8
1658182374,613737748,1,1,1,0,22,9
1658182239,41498023,1,1,1,7,15,1
1658182181,1062671597,1,1,1,15,2,5
1658182354,213945171,1,1,1,12,0,10
1658172380,463297497,1,1,1,19,0,1
1658181914,213875650,1,1,1,11,9,4
1658181837,245187072,1,1,1,16,1,2
1658182332,129144878,1,1,1,10,15,4
1658182381,27415665,1,1,1,22,8,7
1658182047,593238093,1,1,1,20,2,2
1658182102,102331767,1,1,1,19,12,3
1658182301,37791,1,1,1,21,12,3
1658182259,50156117,1,1,1,11,9,3
1658182237,15462236,1,1,1,31,1,0
1658182325,129093478,1,1,1,25,0,2
1658181869,35908,1,1,1,18,0,0
1658182393,210744286,1,1,1,13,22,10
1658182384,101024234,1,1,1,17,39,1
1658182233,213992316,1,1,1,46,1,3
1658181998,213694482,1,1,1,17,1,2
1658182337,129011497,1,1,1,10,12,0
1658182337,101743895,1,1,1,30,24,8
1658181835,213691848,1,1,1,31,7,4
1658182291,210396518,1,1,1,14,1,1
1658182295,97677210,1,1,1,39,6,2
1658182352,39254792,1,1,1,15,28,3
1658182378,213683992,1,1,1,29,17,2
1658182387,54000601,1,1,1,3,8,7
1658182354,27362896,1,1,1,26,0,0
1658182342,213687140,1,1,1,27,4,3
1658182032,235599121,1,1,1,6,9,10
1658182313,213680917,1,1,1,18,2,5
1658182201,1057774603,1,1,1,22,8,1
1658181811,213688462,1,1,1,27,6,5
1658182362,102749572,1,1,1,42,4,2
1658155135,549876068,1,1,1,35,4,5
1658182176,390212609,1,1,1,12,18,0
1658181998,63498079,1,1,1,18,2,3
1658182347,102338493,1,1,1,11,6,12
1658181949,875078767,1,1,1,16,0,4
1658182381,210573120,1,1,1,30,0,2
1658182380,1558958733,1,1,1,21,2,2
1658182365,2515802454,1,1,1,23,2,1
1658182227,648227675,1,1,1,30,5,4
1658182377,42566291,1,1,1,31,2,0
1658181903,1062206433,1,1,1,8,0,12
1658182387,129032910,1,1,1,39,11,0
1658182366,647826568,1,1,1,12,16,2
1658182355,54000577,1,1,1,0,10,16
1658182354,54001024,1,1,1,34,6,8
1658182388,94250567,1,1,1,0,40,9
1658182326,129078200,1,1,1,18,10,1
1658182308,649888071,1,1,1,6,9,3
1658182320,82563707,1,1,1,16,13,3
1658181849,129143598,1,1,1,27,0,0
1658182391,213690847,1,1,1,34,3,0
1658182366,102333275,1,1,1,0,28,4
1658182381,640629438,1,1,1,1,8,11
1658182206,82328045,1,1,1,8,12,1
1658182298,27363362,1,1,1,14,2,2
1658182322,237624030,1,1,1,33,2,1
1658182281,213957917,1,1,1,4,12,11
1658182242,54000626,1,1,1,11,6,5
1658182273,6399,1,1,1,18,6,8
1658182386,210746090,1,1,1,41,6,2
1658182391,27414841,1,1,1,26,1,2
1658181953,82253759,1,1,1,23,3,0
1658182324,82457375,1,1,1,3,23,4
1658161622,54000609,1,1,1,31,1,1
1515739220,27415512,1,0,0,35,0,0
1658182172,49859500,1,1,1,11,6,0
1658181986,214139374,1,1,1,24,2,3
1658182267,213702608,1,1,1,12,2,5
1658182319,559507144,1,1,1,12,3,10
1658182305,213700358,1,1,1,14,0,6
1658182391,653063170,1,1,1,22,11,5
1658182321,3906215030,1,1,1,28,5,5
1658182374,129151834,1,1,1,30,1,10
1658182352,237041013,1,1,1,16,3,0
1658182190,54000553,1,1,1,35,0,0
1658182241,653200142,1,1,1,26,8,2
1658182396,650091839,1,1,1,1,12,11
1658182395,362869414,1,1,1,17,8,0
1658182189,55664548,1,1,1,19,12,1
1658182368,100859941,1,1,1,44,4,3
1658182344,49368561,1,1,1,33,22,1
1658182314,42743053,1,1,1,17,11,6
1658182343,213699913,1,1,1,15,6,6
1658182302,101740379,1,1,1,36,1,4
1658181879,4329844165,1,1,1,28,1,4
1658182266,213694069,1,1,1,22,2,2
1655990886,214134714,1,0,0,26,0,0
1658181848,468843711,1,1,1,23,0,0
1658182349,378626842,1,1,1,29,8,13
1658182358,27414945,1,1,1,0,9,6
1658182370,210090269,1,1,1,38,15,8
1658182375,376664868,1,1,1,14,4,11
1658182375,2515927759,1,1,1,5,8,15
1658181912,205955605,1,1,1,34,2,0
1658182334,933214552,1,1,1,6,17,2
1658182358,66491370,1,1,1,21,6,0
1658182321,353462947,1,1,1,5,21,3
1658182326,1559700274,1,1,1,7,3,10
1658138066,39217683,1,1,1,12,8,2
1658182343,213688824,1,1,1,32,1,0
1658181959,82337423,1,1,1,45,1,0
1658182340,66491404,1,1,1,15,2,4
1658182317,652120758,1,1,1,53,3,3
1658182031,66491393,1,1,1,30,17,0
1658182218,1062223873,1,1,1,15,4,3
1658182304,49085250,1,1,1,6,4,7
1658182307,376526598,1,1,1,43,1,3
1658182019,27071684,1,1,1,24,7,2
1658182010,2515907297,1,1,1,10,6,1
1658182347,66491401,1,1,1,50,5,1
1658182112,341388492,1,1,1,43,2,1
1658182393,985828965,1,1,1,1,36,3
1658182383,338762459,1,1,1,6,16,5
1658182232,323486248,1,1,1,1,13,2
1658182222,66491392,1,1,1,18,14,11
1658182379,478952881,1,1,1,15,2,6
1658182085,501318622,1,1,1,4,16,4
1658182145,38263504,1,1,1,12,5,5
1658182196,470807791,1,1,1,26,1,5
1658182390,82445192,1,1,1,36,2,0
1658182191,2515658032,1,1,1,1,5,13
1658182032,568135465,1,1,1,29,1,7
1657840010,570185777,1,0,0,0,0,0
1658182265,214102967,1,1,1,37,1,5
1658181997,54000597,1,1,1,19,3,0
1658182296,82417874,1,1,1,29,16,7
1658182121,102319838,1,1,1,13,1,1
1658182331,652192395,1,1,1,33,29,4
1658182325,571923059,1,1,1,27,6,13
1658182310,66491405,1,1,1,16,6,4
1658182305,54000635,1,1,1,18,7,6
1658182251,54000544,1,1,1,4,31,2
1658182387,1062179194,1,1,1,18,5,2
1658182283,1063017616,1,1,1,6,9,6
1658182321,378648513,1,1,1,23,9,3
1658181943,27278603,1,1,1,22,0,4
1658182272,13497763,1,1,1,20,1,2
1658182287,653042442,1,1,1,38,1,1
1658182182,49807107,1,1,1,12,2,3
1658182365,82450803,1,1,1,39,19,1
1658182341,210747224,1,1,1,29,20,0
1658182316,210568512,1,1,1,57,3,0
1658182307,213691542,1,1,1,50,0,1
1658182386,357409723,1,1,1,3,24,3
1658182352,2515855808,1,1,1,33,1,0
1658182253,384370499,1,1,1,1,14,10
1658182315,49403716,1,1,1,26,1,0
1658182145,54000571,1,1,1,23,27,3
1658182319,473204291,1,1,1,28,2,2
1658182308,27363103,1,1,1,20,10,1
1658182113,85145704,1,1,1,16,3,6
1658182346,653044270,1,1,1,2,9,6
1658182290,26958435,1,1,1,8,9,8
1658182369,6385,1,1,1,18,0,3
1658182293,213857398,1,1,1,1,2,11
1658182395,82550925,1,1,1,7,23,6
1658182323,27363096,1,1,1,11,19,3
1658182343,85165045,1,1,1,5,11,5
1658182355,129119449,1,1,1,0,7,12
1658182394,475524450,1,1,1,9,5,9
1658182354,653048150,1,1,1,21,15,4
1658182220,244400797,1,1,1,10,5,7
1658182259,213922790,1,1,1,40,0,9
1658182291,129001431,1,1,1,28,0,1
1658182364,210753033,1,1,1,11,0,1
1658182384,653203262,1,1,1,1,8,8
1658182395,406806401,1,1,1,3,9,15
1658182369,85143075,1,1,1,17,0,13
1658182315,1063035479,1,1,1,3,7,12
1658182269,54000595,1,1,1,15,14,6
1658182078,82571110,1,1,1,21,3,2
1658182319,54000582,1,1,1,25,1,1
1658182271,217235307,1,1,1,12,6,6
1658182382,210748575,1,1,1,27,16,7
1658182347,82421994,1,1,1,30,1,2
1658182392,214123470,1,1,1,0,19,5
1658182140,129086648,1,1,1,35,5,2
1658182205,217572769,1,1,1,9,8,11
1658181959,214298601,1,1,1,19,3,0
1658182028,129125489,1,1,1,21,0,0
1658181938,214122655,1,1,1,23,6,1
1658182217,15461933,1,1,1,14,1,1
1658182333,82458977,1,1,1,1,11,11
1658182390,129077035,1,1,1,42,2,7
1658182250,221047138,1,1,1,12,0,6
1658182390,15308782,1,1,1,10,23,0
1658182395,216473073,1,1,1,17,0,1
1658182350,37521,1,1,1,13,2,1
1642540077,35196898,1,0,0,27,0,0
1658182375,653046029,1,1,1,30,0,1
1658182250,2515976231,1,1,1,11,2,5
1658182363,129103849,1,1,1,14,4,2
1658182337,1057009034,1,1,1,22,3,1
1658182377,82334007,1,1,1,1,42,3
1658182364,214146056,1,1,1,22,2,2
1658182351,85008390,1,1,1,40,28,3
1658182214,216039437,1,1,1,23,0,2
1658182385,215495494,1,1,1,34,9,2
1658182379,43155320,1,1,1,40,0,7
1658182273,129130397,1,1,1,0,15,6
1658182285,653129412,1,1,1,19,4,7
1658182345,54000634,1,1,1,1,16,8
1658182345,419381597,1,1,1,42,5,2
1658182395,54000548,1,1,1,18,12,1
1658182274,54000466,1,1,1,26,1,2
1658182222,426772876,1,1,1,21,7,3
1658182217,74620630,1,1,1,19,6,1
1658182039,129091653,1,1,1,29,2,2
1658182160,100905057,1,1,1,23,0,0
1658182365,129134084,1,1,1,8,12,5
1658182293,210754072,1,1,1,4,17,13
1658181837,419991048,1,1,1,43,4,2
1658182205,2820744873,1,1,1,25,2,1
1658182277,213676825,1,1,1,36,11,1
1658182307,15299574,1,1,1,33,12,2
1658182369,41566122,1,1,1,20,28,4
1658182351,963786819,1,1,1,15,9,6
1658182281,427678168,1,1,1,29,11,4
1658182364,976762284,1,1,1,24,2,0
1658182277,213686196,1,1,1,17,0,0
1658182364,11004671601,1,1,1,3,13,9
1658182365,27414601,1,1,1,40,0,2
1658182321,129036192,1,1,1,7,5,1
1658182233,82421013,1,1,1,19,14,2
1658181819,434419150,1,1,1,34,1,1
1658182378,252339799,1,1,1,22,6,0
1658181811,224589573,1,1,1,14,3,1
1658182352,220502135,1,1,1,14,19,3
1658182396,129114993,1,1,1,27,0,5
1658181850,129124069,1,1,1,10,0,11
1658182035,221094844,1,1,1,19,1,1
1658181804,220726050,1,1,1,54,0,0
1658182335,254224239,1,1,1,12,36,15
1658181872,1805401614,1,1,1,18,6,3
1658181894,129116697,1,1,1,15,3,1
1658182384,977409509,1,1,1,35,1,2
1658182319,653055049,1,1,1,29,2,3
1658182389,221041655,1,1,1,46,5,5
1658182367,1057769632,1,1,1,16,4,6
1658182285,1333959209,1,1,1,10,1,7
1658182383,213690256,1,1,1,41,2,1
1658182350,476183970,1,1,1,37,0,1
1658182278,632007124,1,1,1,31,3,2
1658182365,977206088,1,1,1,10,14,6
1658182364,213868408,1,1,1,23,2,4
1658182374,129061615,1,1,1,23,6,3
1658182396,43165673,1,1,1,10,16,9
1658182315,82381710,1,1,1,12,1,1
1658182319,224598098,1,1,1,16,32,2
1658182378,10968855,1,1,1,11,1,5
1658182385,82508970,1,1,1,10,5,11
1658182322,653055097,1,1,1,18,3,1
1658182305,221038698,1,1,1,22,1,3
1658182277,27246227,1,1,1,15,7,1
1658182270,63297,1,1,1,10,5,6
1658182386,95927849,1,1,1,1,14,9
1658182289,102341385,1,1,1,12,4,5
1658182378,54000605,1,1,1,16,16,7
1658182294,979059925,1,1,1,22,2,3
1658182248,6512,1,1,1,8,1,6
1658182078,27363323,1,1,1,29,0,3
1658182360,85118872,1,1,1,27,2,8
1658182239,102289046,1,1,1,1,17,3
1658181996,124402232,1,1,1,38,0,2
1658182394,985086307,1,1,1,1,7,13
1658182386,27415327,1,1,1,15,6,5
1658182396,100798076,1,1,1,13,7,0
1658182372,15298647,1,1,1,34,2,0
1658182079,1063404053,1,1,1,12,1,7
1613034881,76199110,1,0,0,0,0,0
1658182132,54000598,1,1,1,23,0,2
1658182394,2515829865,1,1,1,5,5,11
1658182319,989753852,1,1,1,4,6,9
1658182378,990000217,1,1,1,1,8,5
1658182130,121025345,1,1,1,7,5,1
1658182288,213692714,1,1,1,19,0,4
1658182318,82577019,1,1,1,23,2,5
1658182341,39256416,1,1,1,16,19,12
1658182242,255207155,1,1,1,19,1,0
1658182361,63769334,1,1,1,3,6,29
1658182318,129136818,1,1,1,0,8,12
1658182283,37936869,1,0,0,35,0,0
1658182303,27415469,1,1,1,21,0,2
1658181972,39599631,1,1,1,11,0,12
1658182088,84979504,1,1,1,23,2,0
1658182247,85120104,1,1,1,3,0,12
1658182237,653059015,1,1,1,24,3,3
1658182395,101748685,1,1,1,15,23,5
1658182366,54000608,1,1,1,47,1,3
1658181944,653080986,1,1,1,6,1,0
1658182388,102743096,1,1,1,10,1,15
1658182396,66491394,1,1,1,20,20,2
1658182391,126175087,1,1,1,6,7,10
1658182289,101746493,1,1,1,17,20,15
1658182388,27363137,1,1,1,12,6,2
1658182374,339797666,1,1,1,18,1,6
1658182379,1968156458,1,1,1,9,18,3
1658182378,82404497,1,1,1,8,22,5
1658182357,991351798,1,1,1,19,4,0
1658182122,7304,1,1,1,14,0,0
1658182388,54000592,1,1,1,14,20,1
1658182280,54000572,1,1,1,3,14,3
1658161119,15409531,1,1,1,15,0,1
1658182242,29327,1,1,1,6,9,6
1658182345,36298,1,1,1,10,2,2
1658182329,37903195,1,1,1,25,1,1
1658182364,102313219,1,1,1,14,6,13
1658182339,100906707,1,1,1,15,17,8
1658182250,624177860,1,1,1,42,6,1
1658182321,66491407,1,1,1,11,1,8
1658182288,27369223,1,1,1,14,1,0
1658182351,102336814,1,1,1,5,7,3
1658182239,484423835,1,1,1,14,3,8
1658182343,54000618,1,1,1,0,7,10
1658182272,653059879,1,1,1,20,5,14
1658182295,210583589,1,1,1,13,12,4
1658182369,653050378,1,1,1,15,14,2
1658182338,15291968,1,1,1,9,4,1
1658182352,126354477,1,1,1,14,1,3
1658182389,15387809,1,1,1,53,5,4
1658182395,1002059045,1,1,1,24,0,2
1658182394,1002738770,1,1,1,21,3,3
1658182349,100918666,1,1,1,16,3,2
1658182238,213987795,1,1,1,26,3,10
1658182275,15397468,1,1,1,4,37,6
1658182326,129101773,1,1,1,22,5,15
1658182025,84966359,1,1,1,22,0,3
1658181884,42908639,1,1,1,25,2,1
1658182391,125469898,1,1,1,25,6,2
1658182079,35137730,1,1,1,34,13,2
1658181998,52329,1,1,1,31,3,3
1658182283,42499285,1,1,1,39,3,0
1658182348,85162552,1,1,1,21,4,17
1655504532,88235134,1,0,0,1,0,1
1658182306,2515738489,1,1,1,11,3,6
1658182295,256561528,1,1,1,1,30,10
1658181965,452920451,1,1,1,21,0,2
1658182365,37920,1,1,1,27,5,0
1658181892,54000588,1,1,1,63,0,3
1658182343,1020700136,1,1,1,2,15,2
1658182064,100855693,1,1,1,24,2,0
1658182353,54000549,1,1,1,9,5,0
1658181815,54000586,1,1,1,24,4,4
1658182331,102304517,1,1,1,33,8,4
1658182360,128889359,1,1,1,21,13,3
1658182360,54000546,1,1,1,31,0,1
1658182064,129042700,1,1,1,47,9,3
1658182387,101761298,1,1,1,36,6,2
1658182171,912377361,1,1,1,23,17,3
1658182120,256124192,1,1,1,24,13,3
1658182277,27364581,1,1,1,19,4,2
1658182107,653127524,1,1,1,15,10,5
1658182375,2515686699,1,1,1,21,0,4
1658182253,210737808,1,1,1,18,1,4
1658182283,259977414,1,1,1,2,14,4
1658182189,82568336,1,1,1,14,1,10
1658181815,1021176825,1,1,1,18,2,1
1658182368,54000611,1,1,1,5,5,15
1658181965,66491408,1,1,1,22,1,8
1658182381,100872260,1,1,1,20,17,2
1658181856,36151,1,1,1,15,0,1
1658182358,213848056,1,1,1,8,44,2
1658182313,452936197,1,1,1,25,28,4
1658182315,54000545,1,1,1,39,23,1
1658182305,66505511,1,1,1,27,1,0
1658181869,224256188,1,1,1,26,1,1
1658182097,66491386,1,1,1,42,13,2
1658182359,1023083417,1,1,1,18,0,1
1658182373,54000539,1,1,1,26,7,1
1658182287,1025995767,1,1,1,2,11,7
1658182139,101490103,1,1,1,20,3,0
1658182267,82432573,1,1,1,31,1,17
1658182346,1021553839,1,1,1,25,7,2
1658182372,54000541,1,1,1,23,4,2
1658182324,653065577,1,1,1,26,1,2
1658181873,1034242363,1,1,1,33,0,1
1658182377,335780498,1,1,1,19,12,0
1658182293,256403519,1,1,1,20,1,0
1658182315,484387018,1,1,1,27,0,1
1658182088,544249939,1,1,1,41,6,2
1658182335,1035816937,1,1,1,14,9,3
1658182227,66507229,1,1,1,18,2,4
1658182296,27415012,1,1,1,63,0,1
1658182349,263610599,1,1,1,35,1,8
1658182169,49772483,1,1,1,14,0,4
1658182239,653066427,1,1,1,17,4,5
1658182283,129089749,1,1,1,27,1,3
1658182342,100770878,1,1,1,2,15,5
1658156595,27415297,1,1,1,50,0,2
1658182271,54000607,1,1,1,3,15,1
1658182375,13283986,1,1,1,10,19,3
1658182273,100910836,1,1,1,16,18,10
1658182232,6515,1,1,1,27,0,2
1658182368,41523981,1,1,1,0,30,2
1658182262,1034247348,1,1,1,31,1,1
1658182303,39536951,1,1,1,10,18,5
1658182363,35089539,1,1,1,17,3,1
1658182103,27415169,1,1,1,18,2,2
1658182389,15412563,1,1,1,13,6,3
1658182149,30179848,1,1,1,19,6,2
1658182389,27363029,1,1,1,11,16,5
1658182387,484889494,1,1,1,1,20,3
1658182357,27363256,1,1,1,22,0,1
1658181825,100902274,1,1,1,33,2,1
1658182388,15414455,1,1,1,30,2,2
1658182375,27415285,1,1,1,17,3,2
1658182396,78348185,1,1,1,16,29,5
1658182376,36003,1,1,1,17,0,0
1658182289,27415215,1,1,1,22,1,2
1658182274,263732151,1,1,1,14,15,3
1658182317,1036199130,1,1,1,7,7,7
1658182394,129161858,1,1,1,8,12,12
1658182193,653035822,1,1,1,26,1,1
1658182263,27414460,1,1,1,28,4,2
1658182318,76488849,1,1,1,33,2,1
1658182270,66505513,1,1,1,22,2,4
1658182263,129050965,1,1,1,11,4,2
1658182227,66491368,1,1,1,43,1,3
1658182331,82419429,1,1,1,25,9,5
1658182371,349750111,1,1,1,14,14,1
1658182277,52453,1,1,1,23,1,1
1658182142,210389577,1,1,1,14,1,2
1658182343,15401095,1,1,1,18,23,2
1658182255,1055553396,1,1,1,3,11,0
1658182389,210394523,1,1,1,24,7,2
1658182395,1036226943,1,1,1,20,1,10
1658182389,1056959071,1,1,1,2,33,4
1658182346,60667075,1,1,1,22,0,0
1658182292,66491371,1,1,1,17,12,1
1658182064,486833337,1,1,1,23,10,0
1658182287,1055541632,1,1,1,3,24,13
1658182360,75313725,1,1,1,19,8,3
1658182244,606669250,1,1,1,22,10,6
1658181966,653069115,1,1,1,19,4,11
1658182390,15383032,1,1,1,38,1,0
1658182368,54000561,1,1,1,18,9,0
1658182394,54001190,1,1,1,24,0,3
1658182308,460558111,1,1,1,7,9,2
1658182200,82569809,1,1,1,19,3,0
1658181864,11851037297,1,1,1,27,1,5
1658182208,266052390,1,1,1,14,4,10
1658182310,37952191,1,1,1,28,2,1
1658182287,34300292,1,1,1,24,0,0
1658182374,82554786,1,1,1,24,1,5
1658182261,268976295,1,1,1,19,2,11
1658181936,27415444,1,1,1,25,1,3
1658182390,84983562,1,1,1,23,18,9
1658182118,129081441,1,1,1,13,3,5
1658182368,653073004,1,1,1,26,19,2
1658182310,1056986761,1,1,1,21,31,1
1658182395,41610121,1,1,1,0,24,3
1658182256,82566934,1,1,1,35,14,4
1658182337,128936618,1,1,1,34,1,0
1658182233,35106544,1,1,1,40,8,7
1658182348,267976590,1,1,1,36,26,1
1658181944,1056965116,1,1,1,48,1,1
1658182364,54000630,1,1,1,16,9,0
1658182223,54000567,1,1,1,6,21,6
1658182348,1599921040,1,1,1,25,2,3
1658182386,129096696,1,1,1,4,0,9
1658182375,82590367,1,1,1,28,24,2
1658182375,82573931,1,1,1,17,9,10
1658182350,82436057,1,1,1,7,7,8
1658182305,43219958,1,1,1,37,1,0
1658182337,269953055,1,1,1,1,24,3
1658182371,82448637,1,1,1,35,7,4
1658182336,271540743,1,1,1,19,4,2
1658182382,452347778,1,1,1,4,6,10
1658182393,13372702,1,1,1,29,0,4
1658182320,1599931563,1,1,1,20,2,7
1658182057,15411223,1,1,1,16,4,3
1658182124,85152599,1,1,1,43,3,0
1658182308,284711589,1,1,1,11,6,1
1658182278,30550,1,1,1,23,0,1
1658182332,478593396,1,1,1,4,0,12
1658182370,213675430,1,1,1,8,34,6
1658182288,462875227,1,1,1,19,3,2
1658182215,213693126,1,1,1,19,0,3
1658181968,363735875,1,1,1,1,10,4
1658182360,265266148,1,1,1,4,5,13
1658182314,357491025,1,1,1,22,0,0
1658182389,457713145,1,1,1,31,2,9
1658182130,392576677,1,1,1,15,5,2
1658182390,66491406,1,1,1,45,0,2
1658182110,338853596,1,1,1,23,0,3
1658182341,1056995858,1,1,1,20,4,4
1658182326,27414924,1,1,1,11,5,5
1658182300,390075668,1,1,1,23,11,3
1658182322,54000550,1,1,1,12,11,7
1658182276,1056972307,1,1,1,47,1,1
1658182345,653217067,1,1,1,1,2,16
1658182306,1109534105,1,1,1,0,1,19
1658182269,124390478,1,1,1,11,3,3
1658182343,365181481,1,1,1,27,17,8
1658182253,653076373,1,1,1,27,7,0
1653895841,11851327865,0,0,0,30,0,0
1658181814,52456,1,1,1,26,0,2
1658182180,15310509,1,1,1,1,13,3
1658182307,275968458,1,1,1,54,3,1
1658182265,213995665,1,1,1,14,7,8
1658182269,1056979685,1,1,1,24,0,0
1658182016,128928526,1,1,1,11,2,2
1658182318,27415123,1,1,1,7,19,2
1658182131,287096529,1,1,1,41,0,0
1658182246,97705710,1,1,1,28,6,5
1658181810,13242682,1,1,1,31,0,0
1658182247,278576043,1,1,1,9,3,5
1658182359,213695073,1,1,1,33,0,0
1658181985,284708999,1,1,1,29,2,6
1658182001,653079520,1,1,1,12,3,3
1658136341,653076393,1,1,1,8,13,13
1658182243,129069108,1,1,1,29,8,1
1597371137,213936755,1,0,0,49,0,0
1658182286,30641281,1,1,1,14,6,1
1658181951,54000593,1,1,1,33,4,3
1658182396,27362949,1,1,1,28,2,1
1658182099,1057003116,1,1,1,10,17,3
1658182329,285726279,1,1,1,24,0,0
1652035916,41587607,1,0,0,30,0,0
1658182130,285454061,1,1,1,11,0,4
1658182167,213686471,1,1,1,23,0,1
1658182375,7261,1,1,1,16,2,1
1658182328,291354793,1,1,1,49,0,0
1658182349,213685863,1,1,1,45,6,0
1658182369,653062048,1,1,1,24,0,0
1658182393,1062812659,1,1,1,48,7,2
1658182153,653079135,1,1,1,0,4,10
1658182366,38319086,1,1,1,28,6,1
1658182373,653129435,1,1,1,4,9,3
1658182332,221032834,1,1,1,42,4,2
1658182235,124622630,1,1,1,24,11,1
1658182265,594942659,1,1,1,18,1,0
1658182157,96512532,1,1,1,17,0,1
1658182209,362178041,1,1,1,16,6,6
1658182397,100783424,1,1,1,10,52,4
1658182331,27415524,1,1,1,16,4,3
1658182388,422639331,1,1,1,11,11,6
1658182101,1057061349,1,1,1,22,7,0
1658182327,292871105,1,1,1,11,3,7
1658181950,38280,1,1,1,13,3,1
1658182390,653125838,1,1,1,18,5,5
1658182208,476053320,1,1,1,21,5,0
1658182337,129121741,1,1,1,28,11,9
1658182229,404947652,1,1,1,15,14,2
1658182176,129142199,1,1,1,19,3,6
1658182343,210584503,1,1,1,9,3,0
1658182339,42541542,1,1,1,33,0,0
1658182392,27363558,1,1,1,4,19,5
1658182325,214109662,1,1,1,16,0,4
1658182345,653122771,1,1,1,2,19,2
1658182354,35147530,1,1,1,1,18,4
1658182242,1057081237,1,1,1,15,1,8
1658182385,101756482,1,1,1,6,30,10
1658182309,1057179405,1,1,1,24,0,4
1658182192,653135400,1,1,1,0,13,13
1658182062,213689228,1,1,1,35,4,3
1658182199,409364001,1,1,1,14,2,2
1658182250,129079313,1,1,1,16,21,5
1658182314,129135654,1,1,1,0,21,4
1658182366,653080383,1,1,1,4,37,6
1658182344,1057039016,1,1,1,13,3,4
1658182371,1057045129,1,1,1,12,22,6
1658182387,1190800638,1,1,1,9,10,3
1658182280,302725495,1,1,1,41,2,6
1658182269,303102719,1,1,1,2,2,7
1658182335,27363277,1,1,1,33,2,3
1658182393,6295,1,1,1,0,17,2
1658182288,303452950,1,1,1,14,3,17
1658182084,54000617,1,1,1,16,1,3
1526880629,213691137,1,0,0,30,0,0
1658182271,653131074,1,1,1,7,0,17
1658182396,308082350,1,1,1,14,1,0
1658182170,653126035,1,1,1,1,7,12
1658182337,36473,1,0,0,12,1,0
1658182331,210745258,1,1,1,3,28,16
1658182383,37921892,1,1,1,9,13,2
1658182323,457834134,1,1,1,26,0,1
1658182295,653123610,1,1,1,27,3,3
1658182188,35101194,1,1,1,9,19,1
1658182342,54000615,1,1,1,24,2,4
1658182345,135806005,1,1,1,1,0,16
1658182351,66491395,1,1,1,21,12,4
1658182287,653135378,1,1,1,26,1,8
1658182279,54000562,1,1,1,28,0,2
1658182391,402212574,1,1,1,24,2,2
1658182248,1057184567,1,1,1,22,1,10
1658182273,1057319366,1,1,1,19,10,0
1658182305,34235349,1,1,1,11,5,12
1658182220,210751059,1,1,1,12,3,1
1658182143,1057203651,1,1,1,33,6,3
1658182259,453172172,1,1,1,4,0,9
1658182091,478385490,1,1,1,15,2,10
1658181971,102326776,1,1,1,22,0,1
1658182327,213706622,1,1,1,19,0,2
1658182254,213686749,1,1,1,26,3,7
1658182353,1057302263,1,1,1,4,9,5
1658182284,82572699,1,1,1,3,9,14
1658182258,311552027,1,1,1,39,4,0
1658181987,27269170,1,1,1,19,0,2
1658182297,82550543,1,1,1,1,45,5
1658182213,82375611,1,1,1,29,11,4
1658182180,443402852,1,1,1,41,4,3
1658182175,1062162270,1,1,1,7,5,8
1658182351,38192,1,1,1,24,8,2
1658182390,84958519,1,1,1,27,3,1
1658182346,559980654,1,1,1,22,2,0
1658182216,213952930,1,0,0,30,0,0
1658182300,458086607,1,1,1,18,5,4
1658182378,7247,1,1,1,18,2,2
1658181835,653081846,1,1,1,29,0,1
1658182367,213689815,1,1,1,15,14,6
1658182268,443198808,1,1,1,31,2,2
1658182237,620676855,1,1,1,5,11,6
1658182366,98187918,1,1,1,41,12,1
1658181889,13191324,1,1,1,30,3,0
1658182028,210738704,1,1,1,22,2,0
1658182319,102745622,1,1,1,0,23,5
1658182345,213999554,1,1,1,15,2,3
1658182319,213677219,1,1,1,1,16,3
1658182159,6294,1,1,1,17,3,1
1658182237,85155919,1,1,1,12,10,6
1658182360,1062238429,1,1,1,1,9,7
1658182283,369011098,1,1,1,14,1,6
1658182195,102343591,1,1,1,11,7,13
1658182317,27415150,1,1,1,20,0,1
1658182076,82565383,1,1,1,33,9,3
1658182040,653134004,1,1,1,19,4,2
1658182261,27415246,1,1,1,20,21,2
1658182260,389788858,1,1,1,55,15,4
1658182050,1056947780,1,1,1,28,1,1
1658182361,38327,1,1,1,36,3,2
1658182079,100925033,1,1,1,43,1,1
1658182353,109609241,1,1,1,16,15,1
1658182387,101491821,1,1,1,29,5,4
1658182287,82562496,1,1,1,7,6,6
1658182358,235197110,1,1,1,22,21,3
1658182382,417088374,1,1,1,4,29,5
1658182348,129145892,1,1,1,38,2,7
1658182181,439750210,1,1,1,21,2,1
1658182291,82584215,1,1,1,48,8,4
1658182362,42720305,1,1,1,36,1,1
1658181918,653205656,1,1,1,11,6,9
1658182212,653147618,1,1,1,18,3,4
1658182341,335989765,1,1,1,17,21,10
1658182238,417623119,1,1,1,19,0,1
1658182380,54000632,1,1,1,23,3,7
1658182347,428088564,1,1,1,0,11,10
1658182367,365886904,1,1,1,30,6,0
1658182244,85015750,1,1,1,35,1,2
1658182352,27064639,1,1,1,19,1,1
1658182311,102722579,1,1,1,9,14,3
1658181870,653083263,1,1,1,37,1,1
1658182220,39151458,1,1,1,2,8,8
1658182331,213682190,1,1,1,40,1,2
1658182159,468354634,1,1,1,23,2,5
1658182230,379063990,1,1,1,4,8,9
1658182389,221036108,1,1,1,32,6,9
1658182349,213692227,1,1,1,34,0,2
1658182333,75641607,1,1,1,25,1,2
1658182256,653137566,1,1,1,26,3,4
1658182357,213674686,1,1,1,19,12,5
1658182319,38522,1,1,1,20,0,2
1658182328,488889101,1,1,1,20,3,6
1658182367,653083675,1,1,1,9,1,9
1658182312,266422568,1,1,1,22,0,1
1658182390,488872892,1,1,1,21,16,4
1658182228,488800137,1,1,1,25,1,0
1658182397,1057730786,1,1,1,16,3,0
1658182382,131094294,1,1,1,8,10,11
1658182062,129016495,1,1,1,47,1,4
1658182381,1057335613,1,1,1,23,6,1
1658182270,491687415,1,1,1,18,2,0
1658181936,39202840,1,1,1,14,1,0
1658182286,653141822,1,1,1,8,8,5
1658182360,488980540,1,1,1,28,3,3
1658182297,54000599,1,1,1,14,7,3
1658182362,1057221951,1,1,1,3,18,5
1658182349,653137567,1,1,1,4,15,3
1658182312,54000600,1,1,1,25,1,7
1658182395,82455731,1,1,1,26,25,11
1658182312,15212034,1,1,1,17,1,2
1658182181,494183852,1,1,1,31,5,2
1658182372,1057399900,1,1,1,16,2,6
1658182359,559595472,1,1,1,8,14,1
1658182249,210395439,1,1,1,24,1,1
1658182063,491932748,1,1,1,38,0,1
1658182304,1057329581,1,1,1,8,10,6
1658182245,1057378487,1,1,1,9,1,10
1658182298,1057737444,1,1,1,44,3,4
1658182391,82336035,1,1,1,14,3,0
1658182154,1314450240,1,1,1,2,10,3
1658182110,2515636592,1,1,1,11,6,1
1658182047,255322397,1,1,1,24,0,2
1658182262,653139063,1,1,1,25,22,4
1658182043,1057091571,1,1,1,23,3,2
1658182013,210582231,1,1,1,23,1,1
1658182392,653087180,1,1,1,24,1,4
1656114400,583171360,1,0,0,30,0,0
1658182236,312870435,1,1,1,8,0,1
1658182343,1057354004,1,1,1,4,19,4
1658182296,129106450,1,1,1,22,7,5
1658182373,1057405802,1,1,1,22,0,5
1658182327,27414544,1,1,1,11,2,8
1658182338,213894629,1,1,1,37,3,3
1658182366,100923502,1,1,1,0,14,3
1658182337,129059516,1,1,1,34,9,1
1658182339,1227051850,1,1,1,17,20,1
1658182327,1057748427,1,1,1,18,21,4
1658182180,285001735,1,1,1,39,0,0
1658182347,54000560,1,1,1,8,8,3
1658182377,1062742831,1,1,1,33,2,0
1658182371,101017160,1,1,1,1,21,10
1658182383,100933541,1,1,1,20,4,3
1658182350,36391,1,1,1,19,0,0
1658182394,100934967,1,1,1,4,25,4
1658182339,437741660,1,1,1,34,7,2
1658182383,1062783107,1,1,1,25,5,0
1658182295,15309045,1,1,1,11,3,1
1658182302,653086121,1,1,1,27,0,6
1658182020,653139897,1,1,1,8,2,16
1658182376,476155906,1,1,1,14,7,3
1658182379,101011685,1,1,1,22,2,0
1658182381,27415547,1,1,1,6,6,12
1658181874,54000543,1,1,1,22,4,2
1613934558,1015246367,1,0,0,25,0,0
1658182311,284787594,1,1,1,25,11,2
1658182317,1057765913,1,1,1,34,3,0
1658182275,1062704564,1,1,1,16,21,1
1658182308,221043930,1,1,1,32,1,3
1658182385,1057234527,1,1,1,11,17,12
1658182250,49498164,1,1,1,10,2,2
1658182253,76121343,1,1,1,0,8,4
1658182056,1057072168,1,1,1,14,5,4
1658182373,1062685145,1,1,1,16,1,0
1658182359,1056715831,1,1,1,20,0,1
1658182301,101742129,1,1,1,37,1,0
1658182024,1057360420,1,1,1,26,0,0
1658182218,49117995,1,1,1,11,3,3
1658182281,214119792,1,1,1,2,13,5
1658182336,1057366813,1,1,1,15,9,8
1658182376,37504995,1,1,1,1,28,3
1658182227,131908132,1,1,1,13,4,1
1658182319,27363337,1,1,1,7,21,2
1658182301,125811629,1,1,1,14,26,3
1658182316,102307005,1,1,1,19,1,3
1658182343,1057753858,1,1,1,4,27,2
1658182159,452341449,1,1,1,14,4,7
1658182381,54000590,1,1,1,16,20,11
1658182385,6298,1,1,1,18,3,0
1658182331,27359295,1,1,1,26,2,1
1658182328,54000587,1,1,1,23,3,4
1658182333,81212212,1,1,1,14,2,6
1658182203,653087914,1,1,1,0,14,10
1658182350,41219552,1,1,1,23,0,0
1658181902,101738550,1,1,1,9,3,7
1658182213,54000622,1,1,1,24,3,1
1658182303,82339935,1,1,1,32,2,1
1658182246,27414713,1,1,1,11,11,6
1658182342,54000564,1,1,1,24,0,4
1658182160,13912564,1,1,1,13,11,1
1658182355,42907187,1,1,1,7,15,3
1658182320,58311330,1,1,1,10,8,6
1658182299,100967498,1,1,1,19,15,13
1658182391,39149651,1,1,1,30,17,3
1658182066,43247025,1,1,1,12,2,2
1658182348,70903158,1,1,1,16,8,0
1658182389,37879071,1,1,1,21,6,6
1658182348,41464928,1,1,1,45,15,0
1658182372,54000619,1,1,1,27,1,4
1658182052,38060,1,1,1,41,0,1
1658182394,101008598,1,1,1,26,14,1
1658182268,82332239,1,1,1,28,7,0
1658182211,75525462,1,1,1,16,13,15
1658182373,15462861,1,1,1,28,3,0
1658182310,95845524,1,1,1,0,14,1
1658182360,38407,1,1,1,34,4,2
1658182270,82554449,1,1,1,53,4,3
1658182324,39535340,1,1,1,0,27,2
1658182289,1062797394,1,1,1,23,0,1
1658181986,54000570,1,1,1,27,5,2
1658182320,1062256852,1,1,1,4,5,11
1658182336,1057373549,1,1,1,9,6,7
1658182349,653089942,1,1,1,12,3,6
1658182332,128841079,1,1,1,30,5,2
1658182138,220504949,1,1,1,27,3,1
1658182390,15308712,1,1,1,5,15,3
1658182344,7295,1,1,1,14,1,0
1658182391,27296946,1,1,1,20,0,4
1658182328,653143563,1,1,1,21,3,6
1658182393,443153677,1,1,1,16,14,4
1658182269,265201872,1,1,1,44,6,2
1658181990,66505510,1,1,1,52,8,2
1658182362,66491391,1,1,1,19,9,4
1658182328,1062245074,1,1,1,1,18,6
1658182030,201923447,1,1,1,25,10,2
1658182347,9931940126,1,1,1,27,5,6
1658182290,1057758764,1,1,1,10,19,8
1658182389,653144717,1,1,1,8,6,7
1658181991,42275164,1,1,1,29,3,4
1658182321,125623876,1,1,1,17,1,1
1658182246,85031184,1,1,1,48,2,0
1658182370,97824043,1,1,1,3,11,6
1658182292,66491379,1,1,1,7,1,4
1658181909,39169029,1,1,1,9,10,4
1658182286,35600927,1,1,1,33,0,2
1658181954,100868590,1,1,1,13,11,0
1658182108,54000616,1,1,1,16,7,8
1658182296,27364642,1,1,1,24,2,1
1658182181,66491381,1,1,1,10,5,13
1658182015,49094984,1,1,1,30,2,2
1658182391,77773,1,1,1,18,4,5
1658182243,15463487,1,1,1,24,1,1
1658182194,52518,1,1,1,21,0,1
1658182356,1062874070,1,1,1,37,1,0
1658182235,82574198,1,1,1,21,16,3
1658182227,30730,1,1,1,28,4,2
1658182365,27415389,1,1,1,21,1,7
1658163137,1062802530,1,1,1,15,4,3
1658182396,653091206,1,1,1,27,6,5
1658182349,653042678,1,1,1,9,16,0
1658182151,75345531,1,1,1,13,2,0
1658182263,66505516,1,1,1,0,27,17
1658182374,49341735,1,1,1,22,7,11
1658182337,15309674,1,1,1,10,10,1
1658182343,66491367,1,1,1,11,3,0
1658181955,129023855,1,1,1,23,0,1
1658182369,54000554,1,1,1,30,1,0
1658182351,27414902,1,1,1,11,5,4
1658182378,2515672078,1,1,1,11,8,4
1658182349,35317080,1,1,1,2,4,13
1658182346,27415179,1,1,1,19,0,3
1658182320,653146273,1,1,1,1,15,5
1658182318,1062882947,1,1,1,2,6,13
1658182365,653091677,1,1,1,9,8,6
1658181867,35472299,1,1,1,8,3,1
1658181883,1805255023,1,1,1,17,13,0
1658182302,66489651,1,1,1,29,1,2
1658182372,1057207064,1,1,1,4,9,11
1658181990,39626277,1,1,1,7,6,1
1658182362,213687475,1,1,1,17,1,3
1658182306,1062982815,1,1,1,17,0,2
1658182340,128890772,1,1,1,3,20,2
1658182374,266963426,1,1,1,28,21,1
1658182291,7268,1,1,1,18,5,6
1658181975,1237624420,1,1,1,29,0,1
1658182374,129152818,1,1,1,6,5,9
1658182357,27313492,1,1,1,23,2,3
1658182284,338824395,1,1,1,8,7,1
1658181820,128932790,1,1,1,29,0,0
1658182387,100760396,1,1,1,18,10,2
1658182323,210585225,1,1,1,16,2,2
1658182247,82396562,1,1,1,12,6,1
1658182383,312165511,1,1,1,14,17,2
1658182231,262607058,1,1,1,28,1,3
1658157404,1074095810,1,1,1,19,1,2
1658182367,128880156,1,1,1,20,2,1
1658182277,27415411,1,1,1,23,0,0
1658182300,210387163,1,1,1,25,6,0
1658182296,653150828,1,1,1,11,5,2
1658182371,443654970,1,1,1,28,6,0
1658182370,1063971944,1,1,1,28,0,0
1658182229,15153595,1,1,1,22,6,3
1658182112,54000465,1,1,1,16,10,1
1658182080,471094898,1,1,1,0,12,12
1658182391,66499894,1,1,1,26,4,3
1658182344,100759356,1,1,1,12,1,2
1658181819,1062911162,1,1,1,26,0,2
1658182066,42341698,1,1,1,41,0,1
1658182204,653187900,1,1,1,24,8,7
1658154437,128874528,1,1,1,1,10,6
1658182313,1062827573,1,1,1,17,1,11
1658182387,54000542,1,1,1,26,1,1
1658182377,1074187051,1,1,1,1,24,1
1658182229,331153695,1,1,1,16,8,1
1658182195,1074142878,1,1,1,7,1,10
1658182263,11874261013,1,1,1,5,6,8
1658182344,213680246,1,1,1,32,0,2
1658182345,1064000778,1,1,1,54,0,0
1658182330,1074060095,1,1,1,25,1,2
1658182344,1057290902,1,1,1,36,4,5
1658181884,80419347,1,1,1,25,0,0
1658182294,1063000561,1,1,1,16,0,3
1658182289,213680553,1,1,1,43,5,4
1658182326,1063012692,1,1,1,16,1,3
1658182341,54000538,1,1,1,9,21,0
1658182336,82499609,1,1,1,13,20,3
1658182307,1064008882,1,1,1,2,1,16
1658182276,653152142,1,1,1,2,5,11
1658182354,129029327,1,1,1,15,2,2
1658182351,1063429705,1,1,1,21,1,0
1658181996,478250062,1,1,1,17,5,2
1658182253,1062833975,1,1,1,29,4,0
1658182036,11908510683,1,1,1,15,5,4
1658181917,2515756572,1,1,1,22,2,9
1658182235,1063410400,1,1,1,14,1,7
1658182304,80298493,1,1,1,16,3,5
1658182330,98132679,1,1,1,48,0,1
1658182345,96608796,1,1,1,7,16,5
1658182332,58391194,1,1,1,11,15,1
1658182392,1396728955,1,1,1,2,20,1
1658182353,128878135,1,1,1,17,9,1
1658089182,48800374,1,0,0,11,3,0
1658182242,1063044618,1,1,1,2,22,5
1658182258,1063421211,1,1,1,25,9,4
1658182102,569583918,1,1,1,41,0,3
1658182372,129083553,1,1,1,26,5,0
1658182332,1074204954,1,1,1,0,24,4
1658182171,100767550,1,1,1,11,31,1
1658182390,1074333296,1,1,1,32,9,0
1658182113,11908496227,1,1,1,19,4,1
1658182333,54000537,1,1,1,7,5,4
1658182313,653094517,1,1,1,36,2,1
1658182318,1063984816,1,1,1,14,1,2
1658182314,442739463,1,1,1,8,2,6
1658182207,380891087,1,1,1,17,14,3
1658182312,49423507,1,1,1,49,1,3
1658182387,128834707,1,1,1,19,1,0
1658182174,78374110,1,1,1,12,3,0
1658182353,653097126,1,1,1,23,1,2
1658182169,391845823,1,1,1,20,3,2
1658182345,15433394,1,1,1,11,9,21
1658182176,653140345,1,1,1,13,1,10
1658182327,15290700,1,1,1,16,4,1
1658182340,276989966,1,1,1,17,1,0
1658182393,2515885093,1,1,1,16,2,12
1658182330,54001189,1,1,1,26,0,1
1658182027,653153519,1,1,1,6,5,9
1658181982,39887632,1,1,1,11,8,5
1658182125,581480367,1,1,1,64,0,3
1658182065,6293,1,1,1,27,1,0
1658182306,653072212,1,1,1,10,8,11
1658182387,128843085,1,1,1,16,11,1
1658182304,1063027377,1,1,1,21,0,4
1658182259,653085678,1,1,1,9,10,2
1658182327,6352,1,1,1,12,4,1
1658182379,120564786,1,1,1,54,1,1
1658181916,210386007,1,1,1,16,2,3
1658182357,6245,1,1,1,25,1,1
1658182325,1063053136,1,1,1,14,4,2
1658182348,27414358,1,1,1,15,2,0
1658182332,101751231,1,1,1,13,14,9
1658182343,1074339090,1,1,1,19,3,4
1658182310,1062844489,1,1,1,28,3,2
1658182305,54000596,1,1,1,27,4,2
1658182391,39169877,1,1,1,49,10,7
1658182303,653155159,1,1,1,11,4,7
1658182353,653099465,1,1,1,23,1,6
1658182278,323468705,1,1,1,19,3,0
1658182369,1810975577,1,1,1,16,6,5
1658182290,2705356759,1,1,1,21,4,3
1658182304,35380305,1,1,1,34,1,0
1658182304,100790494,1,1,1,22,1,0
1658182283,653040243,1,1,1,13,11,3
1658182249,1063061372,1,1,1,32,1,2
1658182355,2705290225,1,1,1,22,6,2
1658182305,214019379,1,1,1,11,11,4
1658182361,82574979,1,1,1,13,8,5
1658182395,1599896463,1,1,1,18,0,4
1658182037,1987547083,1,1,1,26,1,3
1658182397,2705338817,1,1,1,8,8,6
1658182194,1074410417,1,1,1,7,9,10
1658182358,1074352578,1,1,1,23,0,2
1658182261,53999465,1,1,1,56,9,2
1658182330,653156540,1,1,1,34,0,1
1658182322,54000573,1,1,1,24,20,1
1658182279,210328645,1,0,0,19,0,0
1658182373,99886640,1,1,1,23,1,0
1658182203,129080400,1,1,1,22,0,1
1658182269,1981490798,1,1,1,15,6,2
1658182126,66491366,1,1,1,35,1,1
1658181957,6297,1,1,1,16,0,1
1658087321,653031913,1,0,0,19,0,0
1658182392,1074428106,1,1,1,12,11,6
1658182202,653102462,1,1,1,3,28,11
1658182359,1057210479,1,1,1,0,6,9
1658182067,27414527,1,1,1,18,1,0
1658182344,653092274,1,1,1,27,1,4
1658182388,208603342,1,1,1,21,0,0
1658182372,311153993,1,1,1,32,0,0
1658182332,632086890,1,1,1,0,18,6
1658182189,653104215,1,1,1,19,1,14
1658182306,54000557,1,1,1,12,1,7
1658182340,653110858,1,1,1,13,10,0
1658182388,653159330,1,1,1,21,5,2
1658182320,49424560,1,1,1,23,9,3
1658182390,653165196,1,1,1,4,17,4
1658182225,1074390359,1,1,1,1,21,6
1658182201,2002864789,1,1,1,11,2,2
1658182180,11146714746,1,1,1,6,9,12
1658182279,11146696292,1,1,1,6,17,7
1658182301,653107480,1,1,1,19,0,2
1658182396,1988517250,1,1,1,8,4,13
1658182325,74864208,1,1,1,23,3,2
1658182294,653166892,1,1,1,11,10,9
1658182313,653106960,1,1,1,6,26,5
1658182314,82468690,1,1,1,32,11,13
1658182227,54000536,1,1,1,33,0,1
1658182235,39565873,1,1,1,23,3,0
1658182340,1074398925,1,1,1,6,8,21
1658182216,12225158518,1,1,1,19,1,6
1658182126,12225289563,1,1,1,24,2,1
1658182250,567884788,1,1,1,22,0,0
1658182061,99950133,1,1,1,25,26,0
1658182250,549480297,1,1,1,20,1,0
1658182386,12196660096,1,1,1,8,19,2
1658182287,653175838,1,1,1,10,0,6
1658182387,84960402,1,1,1,3,29,3
1658182374,2515701705,1,1,1,10,2,5
1658182003,15550433574,1,1,1,29,0,9
1658181915,11218473640,1,1,1,21,1,2
1632509667,54000558,1,0,0,0,0,0
1658182325,653110492,1,1,1,12,11,4
1658182296,102339791,1,1,1,1,16,9
1658182381,52474,1,1,1,8,8,5
1658181938,486750405,1,1,1,16,4,2
1658182355,10773448319,1,1,1,9,6,10
1658182200,11438171152,1,1,1,13,2,8
1658182313,653046369,1,1,1,17,5,4
1658182387,125370566,1,1,1,14,0,5
1658182348,66491396,1,1,1,46,0,3
1658182146,102328355,1,1,1,9,6,5
1658182243,76352106,1,1,1,28,0,1
1658182372,653180903,1,1,1,8,17,10
1658182394,101015227,1,1,1,28,3,1
1658182365,74805344,1,1,1,30,0,0
1658182381,78124875,1,1,1,28,9,16
1658182375,54000578,1,1,1,1,19,10
1658182265,102724418,1,1,1,6,14,4
1658182330,102287315,1,1,1,17,20,6
1658182305,42950428,1,1,1,30,8,12
1658182362,100921894,1,1,1,6,10,1
1658182379,82429586,1,1,1,0,30,6
1658182173,37995,1,1,1,24,20,5
1658182373,653193536,1,1,1,10,2,8
1658182386,54000589,1,1,1,24,28,15
1658182362,74692052,1,1,1,22,3,8
1658182313,35080917,1,1,1,26,0,2
1658182152,89553051,1,1,1,17,4,0
1658182337,11218807773,1,1,1,5,34,3
1658182313,101759167,1,1,1,0,30,15
1658182384,37420,1,1,1,13,4,0
1658182310,27363058,1,1,1,16,4,2
1658182299,66491390,1,1,1,36,1,2
1658182387,653114003,1,1,1,12,3,5
1658182098,27363206,1,1,1,5,14,6
1658182271,54000591,1,1,1,22,3,12
1658182382,49791363,1,1,1,28,0,2
1658182340,7402,1,1,1,1,10,4
1658182252,75352635,1,1,1,1,14,10
1658182374,34836174,1,1,1,20,8,3
1658182396,6354,1,1,1,0,25,7
1628239218,16206842336,0,0,0,0,0,0
1658182313,101022698,1,1,1,30,3,1
1658182311,27415194,1,1,1,16,2,17
1658182326,54000624,1,1,1,10,9,0
1658182395,653114443,1,1,1,1,15,4
1658182047,74635382,1,1,1,27,6,2
1658182272,653190196,1,1,1,10,14,12
1658182388,27363156,1,1,1,3,8,10
1658182277,39776330,1,1,1,3,9,5
1658182308,54000594,1,1,1,25,0,2
1658182235,66491373,1,1,1,2,11,4
1658181870,66491409,1,1,1,15,0,5
1658182330,82583924,1,1,1,7,14,7
1658182302,124183944,1,1,1,46,4,2
1658182364,27363389,1,1,1,25,0,2
1658181976,653184632,1,1,1,24,7,2
1658181869,102751453,1,1,1,24,0,2
1628171945,16206691682,0,0,0,0,0,0
1658182087,35263507,1,1,1,16,4,1
1658182185,58086242,1,1,1,8,2,1
1658181987,82440673,1,1,1,46,1,2
1658182353,27399547,1,1,1,2,12,7
1658182364,54000610,1,1,1,37,25,5
1658181902,13356269,1,1,1,28,2,2
1658182395,54000583,1,1,1,28,2,4
1658182375,63279,1,1,1,8,6,2
1658181856,125918662,1,1,1,1,7,12
1658182323,15163771,1,1,1,12,14,3
1658182392,82571023,1,1,1,34,8,3
1658182392,100893610,1,1,1,28,23,4
1658182173,27363205,1,1,1,31,0,4
1658182311,653197206,1,1,1,8,7,9
1658182241,27415256,1,1,1,16,7,8
1658162015,101488317,1,1,1,31,0,2
1658182170,6497,1,1,1,17,1,2
1658182105,653118283,1,1,1,15,3,7
1658182346,117480156,1,1,1,38,2,0
1658182266,124167835,1,1,1,1,4,13
1658182321,74858883,1,1,1,14,12,6
1658182359,66491384,1,1,1,4,23,5
1658182346,102748267,1,1,1,18,3,2
1658182046,28233012,1,1,1,27,0,2
1658181929,27415371,1,1,1,32,0,3
1658182384,49829553,1,1,1,24,5,1
1658182384,128884445,1,1,1,57,3,4
1658182294,37848502,1,1,1,20,1,3
1658181990,54000552,1,1,1,30,0,0
1658182340,102752610,1,1,1,4,4,20
1658182358,82335295,1,1,1,11,14,2
1658182175,66491382,1,1,1,12,17,7
1658182346,124176568,1,1,1,2,2,11
1658182310,39882420,1,1,1,2,10,10
1658182275,27415360,1,1,1,13,2,3
1658182208,82588494,1,1,1,21,3,3
1658182389,125542925,1,1,1,26,5,5
1658182360,54000547,1,1,1,27,8,0
1658181832,82425449,1,1,1,50,1,0
1658182353,7234,1,1,1,8,20,1
1658182373,85160045,1,1,1,25,0,1
1658182328,35816213,1,1,1,28,0,5
1658182342,82408364,1,1,1,13,17,7
1658182352,653190279,1,1,1,1,16,2
1658182368,82551956,1,1,1,20,10,2
1658182381,66491372,1,1,1,41,17,1
1658182391,82413301,1,1,1,16,16,5
1658182378,80077998,1,1,1,3,9,4
1658182276,13248144,1,1,1,25,7,2
1658182384,54000568,1,1,1,40,5,3
1658182327,39311270,1,1,1,31,1,1
1658182216,54000631,1,1,1,17,3,3
1658182246,99840124,1,1,1,42,4,0
1658182314,54000623,1,1,1,23,0,3
1658182376,653121023,1,1,1,20,3,0
1658182318,76507850,1,1,1,26,2,5
1658182035,101010226,1,1,1,61,1,1
1658182041,653194214,1,1,1,8,10,1
1658182371,11375742,1,1,1,19,3,2
1658182030,27415083,1,1,1,47,3,2
1658182236,27415333,1,1,1,50,5,1
1658182385,66491369,1,1,1,46,1,2
1658182360,27363397,1,1,1,17,1,1
1658182378,39878420,1,1,1,4,6,10
1658182386,27363504,1,1,1,10,5,13
1658182396,27414932,1,1,1,17,13,7
1658182313,14623073464,1,1,1,31,13,2
1658182349,82588656,1,1,1,43,6,2
1658182356,35471668,1,1,1,17,7,6
1658182358,27415500,1,1,1,1,16,6
1658182380,11580442,1,1,1,0,13,2
1658182386,99798962,1,1,1,20,15,0
1658182375,66507230,1,1,1,3,12,5
1658182121,125881065,1,1,1,29,2,1
1658182235,54000627,1,1,1,14,3,5
1658182257,121086415,1,1,1,23,1,0
1658182365,84961467,1,1,1,37,14,3
1658182244,54000629,1,1,1,24,8,4
1658182373,27415004,1,1,1,2,31,5
1658182300,27415128,1,1,1,6,11,2
1658182160,27414937,1,1,1,25,8,4
1658182316,42588096,1,1,1,27,0,1
1658182350,100227241,1,1,1,34,1,1
1658182374,2254322638,1,1,1,20,3,2
1658182061,15377776,1,1,1,34,1,0
1658182311,70736110,1,1,1,13,10,9
1627636430,16210188070,0,0,0,0,0,0
1627545043,16210512714,0,0,0,0,0,0
1658182101,11063317380,1,1,1,12,6,0
1658181805,121160813,1,1,1,24,1,3
1658182208,66491388,1,1,1,29,0,3
1650555662,16043228469,0,0,0,0,0,0
1650556299,16043282800,0,0,0,0,0,0
1658182350,15189890802,1,1,1,22,0,2
1658182040,16043242148,1,1,1,21,1,5
1658182366,16043316164,1,1,1,21,2,3
1658182259,54000628,1,1,1,38,15,3
1658182325,15187848239,1,1,1,10,18,2
1658182392,129095489,1,1,1,23,2,2
1658182344,1057383154,1,1,1,4,40,5
1658182337,218903767,1,1,1,54,6,1
1658182378,37647,1,1,1,23,1,1
1658182271,523900881,1,1,1,50,1,3
1658182313,54000555,1,1,1,32,0,0
1658003859,54000621,1,0,0,56,0,0
1658150600,214097180,1,1,1,10,11,3
1658156635,54000556,1,1,1,2,7,17
1658182103,2515618216,1,1,1,21,4,2
1658182392,1057387136,1,1,1,4,18,7
1658182249,11908488283,1,1,1,4,12,9
1658182135,85123644,1,1,1,8,12,6
1658182348,100863462,1,1,1,39,23,0
1658182263,253357936,1,1,1,3,41,12
1658182384,42517412,1,1,1,16,0,8
1658182230,54000551,1,1,1,13,0,3
1593435140,213699079,1,0,0,67,0,0
1658182342,10647548670,1,1,1,13,0,9
1658182288,15066765479,1,1,1,23,6,3
1658182130,10647608657,1,1,1,16,8,5
1658182180,213676294,1,1,1,12,7,2
1658182386,95073815,1,1,1,37,0,0
1558939179,16134135570,0,0,0,0,0,0
1657865483,16134083337,0,0,0,30,0,0
1658182227,11266280626,1,1,1,30,1,1
1658182315,49039283,1,1,1,9,4,4
1658182395,35642049,1,1,1,9,1,1
1658182387,11851012506,1,1,1,0,23,12
1627456205,16379269732,0,0,0,0,0,0
1658182297,27033125,1,1,1,13,0,2
1658182374,13341879803,1,1,1,2,14,8
1658182209,1074347188,1,1,1,11,8,1
1658182234,2515774908,1,1,1,10,2,10
1658182388,84986959,1,1,1,54,5,2
1658182004,11851103861,1,1,1,18,2,5
1658182041,12806084887,1,1,1,42,0,1
1658182121,123546861,1,1,1,20,1,4
1658182378,12943772652,1,1,1,20,5,4
1658182186,12948189248,1,1,1,6,16,8
1658182328,15826185972,1,1,1,13,3,0
1658182339,82423726,1,1,1,61,6,0
1658182086,252301607,1,1,1,19,1,2
1658182292,12959947458,1,1,1,15,1,7
1658182311,210581084,1,1,1,43,0,1
1658182290,101013666,1,1,1,31,2,1
1658182337,34742973,1,1,1,17,4,2
1658182378,11437761399,1,1,1,9,10,13
1658182363,11438116799,1,1,1,29,9,2
1658182391,11437961617,1,1,1,5,7,13
1658182357,11438049493,1,1,1,25,2,3
1658182243,11437651826,1,1,1,0,9,19
1658182329,11004720021,1,1,1,1,18,6
1653472786,11437706131,0,0,0,26,0,0
1658182368,102335085,1,1,1,0,22,9
1658182244,13373712848,1,1,1,21,0,3
1658182291,13373848216,1,1,1,5,3,17
1658182324,13373801574,1,1,1,4,3,18
1658182231,13373758036,1,1,1,15,0,11
1658182391,129026597,1,1,1,20,0,2
1658182378,1062807847,1,1,1,18,20,0
1658182156,478732841,1,1,1,16,0,0
1658182040,82402482,1,1,1,48,5,3
1658182333,129088667,1,1,1,26,8,3
1658182322,54000604,1,1,1,20,9,5
1658182395,43247738,1,1,1,17,7,11
1658182201,102311820,1,1,1,13,9,13
1658182017,394404659,1,1,1,35,7,2
1658182387,368766689,1,1,1,0,37,8
1658182365,516395829,1,1,1,7,5,1
1658182328,315022587,1,1,1,63,1,1
