"last_reported","station_id","is_installed","is_returning","is_renting","dock_available","mechanical_available","electric_available"
1658055560,213688169,1,1,1,33,1,0
1658056026,653222953,1,1,1,4,1,23
1658056118,516709288,1,1,1,15,1,4
1658055797,36255,1,1,1,18,2,1
1658055909,37815204,1,1,1,24,6,0
1658056094,100769544,1,1,1,11,29,3
1658056120,85002689,1,1,1,9,39,5
1658056081,123095125,1,1,1,43,4,11
1658056059,120827885,1,1,1,9,0,1
1658055909,251039991,1,1,1,24,0,1
1658055706,37874517,1,1,1,21,0,0
1658056115,66491398,1,1,1,40,4,2
1658056089,210403080,1,1,1,21,0,1
1658055917,210561800,1,1,1,11,2,1
1658056028,209063434,1,1,1,17,2,10
1658056121,94555589,1,1,1,13,6,8
1658055981,244498842,1,1,1,22,17,7
1658055776,43195240,1,1,1,21,3,1
1658056058,210405211,1,1,1,17,0,2
1658055560,501862076,1,1,1,21,0,1
1658056024,54000559,1,1,1,31,8,0
1658055874,207633746,1,1,1,45,3,1
1658056004,85043758,1,1,1,31,3,2
1658055766,210566542,1,1,1,32,10,12
1658055841,437597018,1,1,1,24,0,3
1658055605,210565680,1,1,1,25,5,2
1658055547,210397939,1,1,1,9,1,7
1658056079,82405965,1,1,1,25,12,4
1658056020,213682736,1,1,1,45,4,1
1658055840,80101533,1,1,1,32,1,2
1658056027,54000581,1,1,1,17,14,3
1658056035,13105968,1,1,1,19,0,1
1658055758,653208733,1,1,1,37,0,0
1658055966,27415224,1,1,1,2,20,9
1658055907,907054879,1,1,1,1,8,9
1658055728,129094535,1,1,1,37,2,2
1658056019,54000612,1,1,1,38,3,0
1658055775,128986726,1,1,1,27,3,3
1658055824,599135701,1,1,1,40,3,1
1658056109,102747146,1,1,1,4,13,8
1658056009,2515403527,1,1,1,20,2,7
1658055779,653132534,1,1,1,17,3,5
1658055812,506455295,1,1,1,10,0,6
1658056122,1057149522,1,1,1,5,12,4
1658056004,210567545,1,1,1,18,0,0
1658055835,2515085147,1,1,1,16,3,2
1658055906,653197324,1,1,1,12,0,10
1658055907,210408693,1,1,1,19,3,3
1658055616,42950839,1,1,1,17,0,0
1658056086,14813797734,1,1,1,17,5,4
1658055817,88230992,1,1,1,28,0,1
1658056107,499303158,1,1,1,16,12,1
1658056041,27415302,1,1,1,22,4,0
1658055934,27414512,1,1,1,39,0,0
1658055970,210580039,1,1,1,15,0,2
1658056086,49474389,1,1,1,14,6,3
1658055958,128940135,1,1,1,15,2,3
1658055706,35149611,1,1,1,7,3,2
1658056046,1057296253,1,1,1,2,53,4
1658056107,210570888,1,1,1,15,6,1
1658056044,129107656,1,1,1,20,1,2
1658056108,1057228658,1,1,1,7,4,11
1658056096,230873471,1,1,1,19,0,2
1658056020,507934805,1,1,1,20,3,1
1658055980,205047993,1,1,1,38,2,6
1658056103,39799329,1,1,1,27,5,0
1658056059,129164969,1,1,1,29,15,3
1658056000,128989986,1,1,1,25,1,3
1658055818,129004826,1,1,1,15,1,0
1658056119,518825709,1,1,1,20,0,0
1658055766,128930462,1,1,1,7,18,3
1658055733,911767210,1,1,1,19,2,0
1658055910,54000565,1,1,1,22,0,3
1658056104,210586093,1,1,1,14,2,6
1658056011,7254,1,1,1,21,2,1
1658056119,369644630,1,1,1,24,5,2
1658056101,214114469,1,1,1,3,23,5
1658056072,128887067,1,1,1,18,0,0
1658056034,55927887,1,1,1,14,17,4
1658055605,210574471,1,1,1,6,2,5
1658055762,72765603,1,1,1,16,1,2
1658055789,210582921,1,1,1,7,2,4
1658055701,43255030,1,1,1,44,1,3
1658055700,129025451,1,1,1,27,0,0
1658056022,128920403,1,1,1,19,5,3
1658056058,323616530,1,1,1,3,9,4
1658055913,208795867,1,1,1,14,1,2
1658056091,1062192012,1,1,1,2,4,25
1658055907,6296,1,1,1,15,1,1
1658055943,521393180,1,1,1,17,3,1
1658056066,576188379,1,1,1,14,3,7
1658056114,128915891,1,1,1,12,17,3
1658055711,82567101,1,1,1,20,1,1
1652812373,102290754,1,0,0,24,0,0
1658055932,457813746,1,1,1,6,5,5
1658056118,128882438,1,1,1,31,5,3
1658055926,50191171,1,1,1,19,0,3
1658056010,129014600,1,1,1,28,1,4
1658056083,3906153622,1,1,1,4,10,2
1658055999,129087587,1,1,1,33,4,2
1658056052,213693511,1,1,1,18,1,4
1658055750,82379648,1,1,1,28,0,3
1658056063,66491397,1,1,1,22,31,7
1658055759,907081682,1,1,1,0,0,0
1658055701,230877798,1,1,1,33,0,1
1658055971,2515995748,1,1,1,18,0,4
1658055652,27363162,1,1,1,15,2,6
1658055882,129021753,1,1,1,17,0,0
1658055703,210740080,1,1,1,34,12,2
1658056016,54000569,1,1,1,29,6,3
1658056081,80216231,1,1,1,36,2,0
1658055700,336511521,1,1,1,15,0,2
1658055938,129043651,1,1,1,7,14,2
1658056096,82562556,1,1,1,27,17,2
1658056096,129048000,1,1,1,24,14,5
1658055957,1062250686,1,1,1,24,2,9
1658056061,261987383,1,1,1,15,0,11
1658056093,813544903,1,1,1,14,13,3
1658055838,126050442,1,1,1,18,1,2
1658056097,27363489,1,1,1,18,4,5
1658055744,39296638,1,1,1,26,6,3
1658056113,205938683,1,1,1,40,11,1
1658056044,210399835,1,1,1,32,1,6
1658055893,1057324291,1,1,1,52,1,4
1658055793,102324803,1,1,1,37,0,2
1658056076,101763163,1,1,1,4,6,1
1658056089,653133605,1,1,1,1,29,9
1658056091,3906094706,1,1,1,5,15,12
1658056063,27414578,1,1,1,15,1,1
1658055985,508042092,1,1,1,6,26,2
1658056031,42603855,1,1,1,13,0,3
1658055805,818302209,1,1,1,43,0,7
1658055957,13718041,1,1,1,21,1,1
1658055614,265464297,1,1,1,45,0,4
1658055896,1057392676,1,1,1,8,23,3
1658056096,102309973,1,1,1,37,3,2
1658055977,532054446,1,1,1,50,5,1
1658056120,129034587,1,1,1,14,0,1
1658056078,314829539,1,1,1,28,6,15
1658056043,586539770,1,1,1,17,1,4
1658056105,3906335682,1,1,1,24,0,0
1658056008,583539396,1,1,1,14,4,7
1658056043,101753100,1,1,1,8,4,3
1658055619,27415466,1,1,1,19,1,1
1658055529,52393,1,1,1,43,2,5
1658055953,81081358,1,1,1,33,4,2
1658056051,66491385,1,1,1,13,3,7
1658055594,209057581,1,1,1,12,1,5
1658056056,66491389,1,1,1,45,11,2
1658055527,210749865,1,1,1,11,2,2
1658056080,535500589,1,1,1,31,25,7
1658056093,597245295,1,1,1,23,2,9
1658056016,213684314,1,1,1,20,4,0
1658055968,235513935,1,1,1,24,1,2
1658056102,27206194,1,1,1,18,1,0
1658055917,102323152,1,1,1,14,2,2
1658056036,129060764,1,1,1,8,14,5
1658055761,828134511,1,1,1,19,12,1
1658056005,586649404,1,1,1,13,6,6
1658056056,596813170,1,1,1,5,0,10
1658056026,596872103,1,1,1,27,0,3
1658056057,271426439,1,1,1,11,4,4
1658056005,27363187,1,1,1,43,1,0
1658055733,76199461,1,1,1,24,5,2
1658056021,230952057,1,1,1,23,7,1
1658056063,37815993,1,1,1,12,17,3
1658056088,88140066,1,1,1,57,8,0
1658055935,213683101,1,1,1,10,6,1
1658056087,213684750,1,1,1,13,18,3
1658055999,129067920,1,1,1,35,4,0
1658056076,2515049357,1,1,1,20,2,2
1658055753,27364743,1,1,1,14,6,0
1658055888,102314792,1,1,1,27,1,4
1658055979,35447568,1,1,1,9,2,10
1658055722,129038848,1,1,1,16,0,0
1658055893,27415736,1,1,1,26,2,2
1658056023,583178525,1,1,1,13,0,5
1658056071,2514995690,1,1,1,5,21,3
1658055793,82387816,1,1,1,29,0,3
1658056038,213685090,1,1,1,7,20,2
1658055925,301841024,1,1,1,21,8,1
1658056120,66491402,1,1,1,31,3,0
1658055920,213679512,1,1,1,12,11,2
1658055862,588452142,1,1,1,15,4,5
1658055819,85147829,1,1,1,21,3,1
1658055840,213681356,1,1,1,7,2,13
1658056111,2515351285,1,1,1,18,3,2
1658056121,213685514,1,1,1,17,5,2
1658056082,102329800,1,1,1,17,5,5
1658056112,54000625,1,1,1,30,1,2
1658056054,572566600,1,1,1,6,3,19
1658055827,213911772,1,1,1,39,6,11
1658055813,129132870,1,1,1,20,1,1
1658056075,620403530,1,1,1,9,6,4
1658056060,66491378,1,1,1,37,10,2
1658056075,631773910,1,1,1,3,18,5
1658056025,1765749389,1,1,1,6,6,4
1658055927,611152693,1,1,1,7,4,15
1658055953,235241110,1,1,1,20,38,3
1658056098,613737748,1,1,1,12,16,2
1658056023,41498023,1,1,1,20,2,1
1658056096,1062671597,1,1,1,6,6,9
1658055926,213945171,1,1,1,22,0,0
1658056092,463297497,1,1,1,18,1,1
1658056028,213875650,1,1,1,8,10,6
1658055732,245187072,1,1,1,15,1,3
1658056086,129144878,1,1,1,11,9,8
1658056105,27415665,1,1,1,30,5,4
1658055956,593238093,1,1,1,19,2,2
1658056087,102331767,1,1,1,33,0,1
1658055766,37791,1,1,1,20,14,2
1658056052,50156117,1,1,1,16,4,2
1658055676,15462236,1,1,1,31,1,0
1658056033,129093478,1,1,1,26,0,2
1658056078,35908,1,1,1,11,6,2
1658055934,210744286,1,1,1,37,3,4
1658056120,101024234,1,1,1,6,42,3
1658056080,213992316,1,1,1,48,0,2
1658055987,213694482,1,1,1,17,2,0
1658056115,129011497,1,1,1,21,0,0
1658056070,101743895,1,1,1,50,8,6
1658056082,213691848,1,1,1,37,3,2
1658055882,210396518,1,1,1,5,5,6
1658055865,97677210,1,1,1,39,6,3
1658055774,39254792,1,1,1,34,11,2
1658056060,213683992,1,1,1,2,38,10
1658056070,54000601,1,1,1,15,3,0
1658055940,27362896,1,1,1,20,2,3
1658056040,213687140,1,1,1,27,3,4
1658056111,235599121,1,1,1,23,1,2
1658055897,213680917,1,1,1,24,1,0
1658056018,1057774603,1,1,1,25,1,6
1658055967,213688462,1,1,1,37,0,1
1658056057,102749572,1,1,1,26,15,9
1658056121,549876068,1,1,1,36,3,6
1658056086,390212609,1,1,1,8,20,2
1658055985,63498079,1,1,1,18,3,4
1658055953,102338493,1,1,1,26,0,2
1658056080,875078767,1,1,1,19,0,1
1658056086,210573120,1,1,1,21,4,7
1658055661,1558958733,1,1,1,13,6,5
1658055670,2515802454,1,1,1,24,1,1
1658055544,648227675,1,1,1,39,1,0
1658055911,42566291,1,1,1,29,3,1
1658056069,1062206433,1,1,1,20,0,0
1658056118,129032910,1,1,1,31,18,5
1658055650,647826568,1,1,1,6,15,8
1658055776,54000577,1,1,1,24,2,1
1658055831,54001024,1,1,1,47,1,3
1658056059,94250567,1,1,1,10,36,6
1658055966,129078200,1,1,1,17,2,10
1658055735,649888071,1,1,1,5,9,4
1658055978,82563707,1,1,1,26,3,3
1658055860,129143598,1,1,1,26,2,0
1658056075,213690847,1,1,1,32,4,1
1658056122,102333275,1,1,1,6,24,2
1658056040,640629438,1,1,1,4,6,11
1658056046,82328045,1,1,1,5,14,3
1658056033,27363362,1,1,1,16,3,0
1658056003,237624030,1,1,1,13,15,8
1658056005,213957917,1,1,1,16,7,4
1658055981,54000626,1,1,1,14,1,6
1658056118,6399,1,1,1,28,2,1
1658056034,210746090,1,1,1,34,12,3
1658056068,27414841,1,1,1,25,1,1
1658056078,82253759,1,1,1,23,2,1
1658055701,82457375,1,1,1,25,4,1
1658055929,54000609,1,1,1,32,2,0
1515739220,27415512,1,0,0,35,0,0
1658056092,49859500,1,1,1,17,0,0
1658056086,214139374,1,1,1,6,15,6
1658055866,213702608,1,1,1,13,1,5
1658055910,559507144,1,1,1,19,2,4
1658056061,213700358,1,1,1,17,0,3
1658055838,653063170,1,1,1,35,3,0
1658055541,3906215030,1,1,1,28,5,5
1658055941,129151834,1,1,1,34,2,6
1658055884,237041013,1,1,1,16,1,1
1658055853,54000553,1,1,1,34,1,0
1658055994,653200142,1,1,1,29,4,4
1658056090,650091839,1,1,1,1,20,1
1658056067,362869414,1,1,1,7,15,1
1658055950,55664548,1,1,1,27,4,2
1658056079,100859941,1,1,1,44,6,0
1658056105,49368561,1,1,1,26,23,1
1658056120,42743053,1,1,1,30,1,4
1658056072,213699913,1,1,1,18,2,4
1658056120,101740379,1,1,1,42,0,1
1658056105,4329844165,1,1,1,18,7,8
1658056105,213694069,1,1,1,22,2,1
1655990886,214134714,1,0,0,26,0,0
1658055929,468843711,1,1,1,22,1,0
1658055550,378626842,1,1,1,48,1,1
1658056014,27414945,1,1,1,13,3,0
1658056013,210090269,1,1,1,48,9,3
1658056091,376664868,1,1,1,28,1,1
1658056023,2515927759,1,1,1,19,4,5
1658056115,205955605,1,1,1,33,3,0
1658056094,933214552,1,1,1,1,20,5
1658055985,66491370,1,1,1,20,4,3
1658056074,353462947,1,1,1,15,11,4
1658055921,1559700274,1,1,1,8,4,8
1658055851,39217683,1,1,1,25,2,1
1658055867,213688824,1,1,1,32,1,0
1658056076,82337423,1,1,1,39,6,2
1658055725,66491404,1,1,1,19,1,1
1658055777,652120758,1,1,1,53,2,4
1658056081,66491393,1,1,1,35,11,1
1658055715,1062223873,1,1,1,22,0,0
1658055968,49085250,1,1,1,12,2,3
1658055727,376526598,1,1,1,45,0,2
1658056074,27071684,1,1,1,28,3,2
1658055989,2515907297,1,1,1,10,2,6
1658055544,66491401,1,1,1,34,19,3
1658056064,341388492,1,1,1,31,12,3
1658056094,985828965,1,1,1,4,29,7
1658056060,338762459,1,1,1,10,13,5
1658055797,323486248,1,1,1,9,2,5
1658056063,66491392,1,1,1,33,10,0
1658055864,478952881,1,1,1,15,3,4
1658055923,501318622,1,1,1,23,0,1
1658055983,38263504,1,1,1,9,13,2
1658056020,470807791,1,1,1,18,5,7
1658055994,82445192,1,1,1,30,4,4
1658056115,2515658032,1,1,1,6,0,13
1658056031,568135465,1,1,1,17,13,9
1657840010,570185777,1,0,0,0,0,0
1658055685,214102967,1,1,1,37,4,2
1658055913,54000597,1,1,1,17,4,1
1658055967,82417874,1,1,1,46,0,8
1658056037,102319838,1,1,1,13,3,0
1658056059,652192395,1,1,1,52,6,7
1658055906,571923059,1,1,1,38,3,5
1658056074,66491405,1,1,1,18,3,6
1658056073,54000635,1,1,1,13,9,10
1658056016,54000544,1,1,1,26,13,0
1658056094,1062179194,1,1,1,17,4,3
1658056081,1063017616,1,1,1,17,1,4
1658056067,378648513,1,1,1,18,8,9
1658055626,27278603,1,1,1,20,0,6
1658056095,13497763,1,1,1,18,1,4
1658055903,653042442,1,1,1,28,10,2
1658055545,49807107,1,1,1,17,0,1
1658055913,82450803,1,1,1,48,6,3
1658056107,210747224,1,1,1,7,36,3
1658056069,210568512,1,1,1,56,2,1
1658056109,213691542,1,1,1,43,6,3
1658055986,357409723,1,1,1,18,8,4
1658056108,2515855808,1,1,1,17,9,8
1658056035,384370499,1,1,1,22,0,2
1658056118,49403716,1,1,1,22,3,1
1658056119,54000571,1,1,1,37,17,0
1658055834,473204291,1,1,1,27,3,3
1658056061,27363103,1,1,1,23,8,2
1658055925,85145704,1,1,1,24,1,0
1658056019,653044270,1,1,1,9,7,1
1658055935,26958435,1,1,1,23,0,2
1658055922,6385,1,1,1,15,2,3
1658056096,213857398,1,1,1,9,3,2
1658056027,82550925,1,1,1,9,11,16
1658056097,27363096,1,1,1,6,23,2
1658056060,85165045,1,1,1,12,4,7
1658055940,129119449,1,1,1,6,0,12
1658055928,475524450,1,1,1,19,4,0
1658056098,653048150,1,1,1,19,13,7
1658056042,244400797,1,1,1,18,1,3
1658056006,213922790,1,1,1,49,0,1
1658056064,129001431,1,1,1,27,1,2
1658055891,210753033,1,1,1,7,6,0
1658056086,653203262,1,1,1,17,2,6
1658056010,406806401,1,1,1,5,15,7
1658055963,85143075,1,1,1,26,0,4
1658056011,1063035479,1,1,1,7,8,7
1658055855,54000595,1,1,1,32,3,1
1658055951,82571110,1,1,1,16,4,5
1658056017,54000582,1,1,1,23,2,2
1658056023,217235307,1,1,1,14,6,4
1658055892,210748575,1,1,1,34,8,8
1658056040,82421994,1,1,1,7,23,5
1658055788,214123470,1,1,1,2,21,2
1658055960,129086648,1,1,1,32,3,7
1658055922,217572769,1,1,1,6,17,5
1658056004,214298601,1,1,1,22,0,1
1658055839,129125489,1,1,1,14,1,6
1658056073,214122655,1,1,1,24,4,3
1658056071,15461933,1,1,1,7,5,3
1658056006,82458977,1,1,1,15,1,7
1658055956,129077035,1,1,1,42,7,2
1658056081,221047138,1,1,1,17,0,1
1658055958,15308782,1,1,1,13,12,8
1658056088,216473073,1,1,1,16,0,2
1658056114,37521,1,1,1,12,3,2
1642540077,35196898,1,0,0,27,0,0
1658056067,653046029,1,1,1,16,18,2
1658055983,2515976231,1,1,1,5,6,9
1658055798,129103849,1,1,1,17,2,0
1658055995,1057009034,1,1,1,24,2,1
1658055993,82334007,1,1,1,7,30,8
1658056112,214146056,1,1,1,5,10,12
1658056117,85008390,1,1,1,28,36,7
1658056059,216039437,1,1,1,22,3,0
1658055964,215495494,1,1,1,43,1,2
1658056020,43155320,1,1,1,43,2,2
1658056115,129130397,1,1,1,3,18,0
1658056113,653129412,1,1,1,22,3,4
1658056015,54000634,1,1,1,19,3,3
1658055559,419381597,1,1,1,48,0,2
1658056103,54000548,1,1,1,0,19,3
1658055897,54000466,1,1,1,24,3,2
1658055986,426772876,1,1,1,7,21,2
1658055980,74620630,1,1,1,15,8,3
1658056079,129091653,1,1,1,23,8,3
1658056079,100905057,1,1,1,22,1,0
1658055968,129134084,1,1,1,20,3,1
1658055841,210754072,1,1,1,30,4,1
1658055568,419991048,1,1,1,46,3,0
1658056115,2820744873,1,1,1,17,0,12
1658055860,213676825,1,1,1,31,14,5
1658055981,15299574,1,1,1,30,16,3
1658056054,41566122,1,1,1,44,7,3
1658055943,963786819,1,1,1,26,0,3
1658056098,427678168,1,1,1,39,1,6
1658055847,976762284,1,1,1,5,5,16
1658055570,213686196,1,1,1,17,1,0
1658055671,11004671601,1,1,1,13,9,3
1658055633,27414601,1,1,1,37,4,1
1658056023,129036192,1,1,1,0,6,5
1658055951,82421013,1,1,1,20,9,5
1658055945,434419150,1,1,1,26,4,6
1658055936,252339799,1,1,1,22,6,0
1658056117,224589573,1,1,1,13,3,2
1658056058,220502135,1,1,1,12,11,13
1658055864,129114993,1,1,1,29,0,3
1658056120,129124069,1,1,1,20,0,1
1658055966,221094844,1,1,1,7,13,3
1658055830,220726050,1,1,1,49,3,2
1658055982,254224239,1,1,1,47,14,2
1658055901,1805401614,1,1,1,21,4,1
1658055684,129116697,1,1,1,17,0,1
1658055952,977409509,1,1,1,38,0,0
1658056033,653055049,1,1,1,28,2,4
1658055875,221041655,1,1,1,50,1,3
1658055884,1057769632,1,1,1,23,3,0
1658055714,1333959209,1,1,1,13,1,5
1658055791,213690256,1,1,1,41,2,3
1658055900,476183970,1,1,1,35,2,2
1658056051,632007124,1,1,1,34,1,1
1658055979,977206088,1,1,1,13,12,5
1658056090,213868408,1,1,1,2,19,9
1658056079,129061615,1,1,1,2,28,3
1658055944,43165673,1,1,1,19,14,2
1658055939,82381710,1,1,1,11,0,2
1658055880,224598098,1,1,1,35,10,5
1658055890,10968855,1,1,1,13,4,2
1658055966,82508970,1,1,1,11,5,10
1658055532,653055097,1,1,1,20,2,0
1658056101,221038698,1,1,1,14,4,8
1658056063,27246227,1,1,1,22,0,0
1658055848,63297,1,1,1,20,0,1
1658055747,95927849,1,1,1,23,1,0
1658056054,102341385,1,1,1,18,4,1
1658055990,54000605,1,1,1,27,8,2
1658055966,979059925,1,1,1,25,0,3
1658055658,6512,1,1,1,14,0,1
1658055981,27363323,1,1,1,28,1,3
1658055579,85118872,1,1,1,34,0,4
1658055969,102289046,1,1,1,4,17,1
1658056113,124402232,1,1,1,40,1,0
1658055978,985086307,1,1,1,2,7,15
1658055807,27415327,1,1,1,15,4,7
1658056020,100798076,1,1,1,0,13,8
1658056065,15298647,1,1,1,27,8,1
1658056010,1063404053,1,1,1,18,0,2
1613034881,76199110,1,0,0,0,0,0
1658056120,54000598,1,1,1,23,0,1
1658056041,2515829865,1,1,1,6,6,9
1658055765,989753852,1,1,1,14,1,5
1658055651,990000217,1,1,1,0,11,3
1658056121,121025345,1,1,1,6,3,3
1658056103,213692714,1,1,1,16,1,7
1658056054,82577019,1,1,1,20,4,6
1658055755,39256416,1,1,1,43,3,1
1658055959,255207155,1,1,1,18,1,1
1658056075,63769334,1,1,1,31,6,1
1658055768,129136818,1,1,1,15,0,4
1658056062,27415469,1,1,1,22,2,0
1658056092,39599631,1,1,1,22,0,0
1658056074,84979504,1,1,1,11,12,2
1658056119,37936869,1,1,1,30,3,2
1658056114,85120104,1,1,1,15,0,0
1658055643,653059015,1,1,1,28,0,2
1658055771,101748685,1,1,1,29,8,4
1658056033,54000608,1,1,1,44,5,3
1658056057,653080986,1,1,1,2,4,1
1658055725,102743096,1,1,1,25,0,2
1658056028,66491394,1,1,1,29,6,5
1658056001,126175087,1,1,1,13,8,3
1658055609,101746493,1,1,1,48,1,3
1658056001,27363137,1,1,1,7,11,4
1658056095,339797666,1,1,1,22,2,1
1658055835,1968156458,1,1,1,0,19,11
1658056086,82404497,1,1,1,15,12,7
1658055907,991351798,1,1,1,20,1,1
1658055556,7304,1,1,1,7,6,2
1658056019,54000592,1,1,1,20,10,5
1658056016,54000572,1,1,1,4,11,4
1658056118,15409531,1,1,1,15,0,1
1658055639,29327,1,1,1,3,14,4
1658056116,36298,1,1,1,12,2,1
1658056109,37903195,1,1,1,24,0,2
1658056080,102313219,1,1,1,30,2,1
1658056042,100906707,1,1,1,20,18,3
1658055768,624177860,1,1,1,36,7,7
1658055909,66491407,1,1,1,19,1,1
1658055671,27369223,1,1,1,10,2,5
1658055874,102336814,1,1,1,5,13,1
1658056101,484423835,1,1,1,10,10,6
1658056036,54000618,1,1,1,13,5,1
1658056063,653059879,1,1,1,9,16,15
1658056120,210583589,1,1,1,26,3,3
1658056121,653050378,1,1,1,3,25,5
1658055949,15291968,1,1,1,11,1,1
1658055624,126354477,1,1,1,10,1,8
1658056076,15387809,1,1,1,60,0,1
1658056121,1002059045,1,1,1,4,13,7
1658056119,1002738770,1,1,1,12,4,9
1658056028,100918666,1,1,1,9,7,3
1658055717,213987795,1,1,1,36,0,2
1658056065,15397468,1,1,1,30,17,0
1658055954,129101773,1,1,1,28,5,9
1658055780,84966359,1,1,1,25,0,1
1658055657,42908639,1,1,1,27,1,0
1658055969,125469898,1,1,1,32,0,1
1658056077,35137730,1,1,1,13,29,4
1658055928,52329,1,1,1,35,1,1
1658055866,42499285,1,1,1,33,4,6
1658056105,85162552,1,1,1,26,13,4
1655504532,88235134,1,0,0,1,0,1
1658056073,2515738489,1,1,1,12,1,7
1658056122,256561528,1,1,1,8,22,9
1658055992,452920451,1,1,1,22,0,1
1658055875,37920,1,1,1,13,18,1
1658056093,54000588,1,1,1,40,4,22
1658056114,1020700136,1,1,1,7,7,6
1658056017,100855693,1,1,1,19,4,2
1658055959,54000549,1,1,1,8,7,0
1658055895,54000586,1,1,1,30,0,1
1658056094,102304517,1,1,1,42,2,2
1658056014,128889359,1,1,1,8,14,13
1658056082,54000546,1,1,1,20,6,3
1658056089,129042700,1,1,1,48,5,6
1658056084,101761298,1,1,1,17,14,14
1658056054,912377361,1,1,1,5,33,6
1658055984,256124192,1,1,1,39,0,1
1658055945,27364581,1,1,1,10,8,7
1658055830,653127524,1,1,1,28,2,0
1658056113,2515686699,1,1,1,23,0,2
1658055843,210737808,1,1,1,23,1,1
1658056098,259977414,1,1,1,0,14,5
1658056075,82568336,1,1,1,22,1,3
1658055996,1021176825,1,1,1,18,3,1
1658055795,54000611,1,1,1,21,1,3
1658055663,66491408,1,1,1,29,0,3
1658056070,100872260,1,1,1,25,8,6
1658056045,36151,1,1,1,14,1,2
1658056074,213848056,1,1,1,3,45,6
1658056096,452936197,1,1,1,29,17,12
1658056115,54000545,1,1,1,22,37,4
1658055990,66505511,1,1,1,19,5,3
1658055982,224256188,1,1,1,17,8,4
1658055845,66491386,1,1,1,51,3,1
1658055750,1023083417,1,1,1,13,1,5
1658055973,54000539,1,1,1,21,10,5
1658055884,1025995767,1,1,1,2,14,5
1658055909,101490103,1,1,1,16,3,3
1658055924,82432573,1,1,1,40,5,2
1658056050,1021553839,1,1,1,34,0,2
1658056121,54000541,1,1,1,3,16,10
1658056081,653065577,1,1,1,25,1,4
1658055893,1034242363,1,1,1,34,0,0
1658056121,335780498,1,1,1,16,11,3
1658056114,256403519,1,1,1,8,8,4
1658056025,484387018,1,1,1,26,1,3
1658056043,544249939,1,1,1,44,3,2
1658055885,1035816937,1,1,1,25,1,1
1658056103,66507229,1,1,1,13,11,2
1658056025,27415012,1,1,1,23,36,6
1658055874,263610599,1,1,1,34,3,7
1658055882,49772483,1,1,1,15,1,1
1658055964,653066427,1,1,1,21,2,2
1658055981,129089749,1,1,1,25,1,5
1658055927,100770878,1,1,1,15,10,0
1658055885,27415297,1,1,1,50,2,0
1658056061,54000607,1,1,1,1,17,1
1658056104,13283986,1,1,1,13,19,2
1658056054,100910836,1,1,1,45,0,2
1658055909,6515,1,1,1,26,2,1
1658055778,41523981,1,1,1,21,7,2
1658056065,1034247348,1,1,1,29,1,3
1658056026,39536951,1,1,1,23,3,6
1658056060,35089539,1,1,1,15,0,6
1658055928,27415169,1,1,1,16,2,5
1658056119,15412563,1,1,1,20,1,1
1658055995,30179848,1,1,1,27,0,0
1658056117,27363029,1,1,1,29,1,2
1658055951,484889494,1,1,1,9,10,7
1658055940,27363256,1,1,1,13,8,4
1658055826,100902274,1,1,1,25,11,0
1658056013,15414455,1,1,1,29,2,2
1658056090,27415285,1,1,1,21,1,1
1658055933,78348185,1,1,1,26,14,8
1658055981,36003,1,1,1,6,8,6
1657981125,27415215,1,1,1,1,5,14
1658055994,263732151,1,1,1,32,1,0
1658056075,1036199130,1,1,1,1,13,7
1658056105,129161858,1,1,1,11,15,5
1658056044,653035822,1,1,1,26,0,2
1658055958,27414460,1,1,1,26,7,3
1658056116,76488849,1,1,1,6,19,6
1658056092,66505513,1,1,1,23,0,7
1658056098,129050965,1,1,1,5,11,3
1658055963,66491368,1,1,1,32,16,1
1658056116,82419429,1,1,1,16,16,6
1658055983,349750111,1,1,1,19,8,2
1658055817,52453,1,1,1,24,0,1
1658055733,210389577,1,1,1,15,1,1
1658056011,15401095,1,1,1,28,17,1
1658056050,1055553396,1,1,1,10,3,1
1658055831,210394523,1,1,1,29,5,0
1658055913,1036226943,1,1,1,11,3,15
1658056116,1056959071,1,1,1,23,13,3
1658055582,60667075,1,1,1,20,0,2
1658056093,66491371,1,1,1,5,22,1
1658056050,486833337,1,1,1,30,2,0
1658055827,1055541632,1,1,1,3,31,7
1658055996,75313725,1,1,1,28,1,2
1658055905,606669250,1,1,1,24,13,2
1658055363,653069115,1,1,1,29,0,5
1658055805,15383032,1,1,1,37,1,1
1658056092,54000561,1,1,1,29,1,0
1658055729,54001190,1,1,1,18,4,5
1658055673,460558111,1,1,1,15,2,2
1658056120,82569809,1,1,1,20,2,0
1658055801,11851037297,1,1,1,29,0,4
1658055708,266052390,1,1,1,28,0,0
1658055914,37952191,1,1,1,27,3,1
1658056102,34300292,1,1,1,19,4,1
1658055866,82554786,1,1,1,28,0,2
1658055941,268976295,1,1,1,17,10,3
1658056021,27415444,1,1,1,29,0,1
1658056118,84983562,1,1,1,41,5,6
1658055541,129081441,1,1,1,15,5,1
1658055665,653073004,1,1,1,31,14,2
1658056093,1056986761,1,1,1,13,31,11
1658056112,41610121,1,1,1,0,27,1
1658055872,82566934,1,1,1,47,3,2
1658055840,128936618,1,1,1,32,4,0
1658055991,35106544,1,1,1,35,12,7
1658056103,267976590,1,1,1,7,51,8
1658056061,1056965116,1,1,1,33,9,7
1658056043,54000630,1,1,1,18,4,2
1658056103,54000567,1,1,1,29,0,5
1658056050,1599921040,1,1,1,26,1,3
1658055760,129096696,1,1,1,13,0,0
1658055995,82590367,1,1,1,32,17,5
1658055849,82573931,1,1,1,27,6,4
1658056090,82436057,1,1,1,17,0,5
1658055794,43219958,1,1,1,33,3,2
1658055966,269953055,1,1,1,27,0,2
1658056091,82448637,1,1,1,35,8,3
1658056023,271540743,1,1,1,18,4,4
1658056120,452347778,1,1,1,12,5,4
1658056032,13372702,1,1,1,32,0,1
1658055944,1599931563,1,1,1,23,2,4
1658056058,15411223,1,1,1,21,2,1
1658056094,85152599,1,1,1,42,3,1
1658055958,284711589,1,1,1,11,6,0
1658056114,30550,1,1,1,19,2,3
1658055980,478593396,1,1,1,16,0,1
1658056077,213675430,1,1,1,6,38,4
1658056017,462875227,1,1,1,18,3,4
1658056068,213693126,1,1,1,13,0,9
1658055669,363735875,1,1,1,2,14,0
1658055897,265266148,1,1,1,17,5,2
1658055803,357491025,1,1,1,21,0,1
1658055965,457713145,1,1,1,30,5,8
1658055573,392576677,1,1,1,16,4,2
1658055904,66491406,1,1,1,43,4,1
1658055879,338853596,1,1,1,19,3,3
1658055885,1056995858,1,1,1,26,1,0
1658055828,27414924,1,1,1,13,2,3
1658056033,390075668,1,1,1,14,14,9
1658056033,54000550,1,1,1,24,3,3
1658056084,1056972307,1,1,1,36,4,6
1658056098,653217067,1,1,1,4,1,14
1658055990,1109534105,1,1,1,11,0,9
1658055953,124390478,1,1,1,13,1,2
1658055902,365181481,1,1,1,37,8,7
1658055983,653076373,1,1,1,11,12,12
1653895841,11851327865,0,0,0,30,0,0
1658056003,52456,1,1,1,28,0,0
1658055524,15310509,1,1,1,16,1,0
1658055884,275968458,1,1,1,40,10,9
1658055868,213995665,1,1,1,25,0,4
1658056022,1056979685,1,1,1,17,9,1
1658056122,128928526,1,1,1,13,0,2
1658056003,27415123,1,1,1,3,20,1
1658055757,287096529,1,1,1,16,23,4
1658056037,97705710,1,1,1,21,15,2
1658055770,13242682,1,1,1,31,0,0
1658055814,278576043,1,1,1,9,0,8
1658055866,213695073,1,1,1,32,0,1
1658055958,284708999,1,1,1,25,13,0
1658056060,653079520,1,1,1,4,5,7
1658056071,653076393,1,1,1,16,7,11
1658056040,129069108,1,1,1,29,6,3
1597371137,213936755,1,0,0,49,0,0
1658056097,30641281,1,1,1,9,8,4
1658055875,54000593,1,1,1,33,4,3
1658055803,27362949,1,1,1,27,1,2
1658055604,1057003116,1,1,1,22,8,0
1658055921,285726279,1,1,1,22,1,1
1652035916,41587607,1,0,0,30,0,0
1658056014,285454061,1,1,1,15,0,0
1658056073,213686471,1,1,1,17,1,6
1658056080,7261,1,1,1,19,1,0
1658056084,291354793,1,1,1,36,11,3
1658056108,213685863,1,1,1,2,38,9
1658055914,653062048,1,1,1,18,1,3
1658056048,1062812659,1,1,1,47,6,3
1658055999,653079135,1,1,1,5,8,2
1658055704,38319086,1,1,1,31,4,1
1658055953,653129435,1,1,1,1,13,2
1658055836,221032834,1,1,1,39,4,4
1658055767,124622630,1,1,1,31,4,3
1658055914,594942659,1,1,1,11,3,5
1658056001,96512532,1,1,1,4,12,2
1658055918,362178041,1,1,1,22,3,2
1658056114,100783424,1,1,1,20,44,5
1658055840,27415524,1,1,1,8,10,5
1658056082,422639331,1,1,1,26,4,1
1658055967,1057061349,1,1,1,13,7,9
1658056031,292871105,1,1,1,16,0,5
1658055976,38280,1,1,1,14,0,3
1658056080,653125838,1,1,1,13,13,3
1658055843,476053320,1,1,1,23,2,1
1658056108,129121741,1,1,1,43,5,1
1658056008,404947652,1,1,1,13,14,2
1658055713,129142199,1,1,1,23,3,2
1658055719,210584503,1,1,1,8,0,5
1658056064,42541542,1,1,1,24,6,2
1658056073,27363558,1,1,1,3,21,3
1658055853,214109662,1,1,1,12,0,8
1658056119,653122771,1,1,1,5,14,4
1658055785,35147530,1,1,1,16,5,2
1658056116,1057081237,1,1,1,10,4,10
1658055966,101756482,1,1,1,37,7,3
1658055965,1057179405,1,1,1,22,1,5
1658055978,653135400,1,1,1,16,5,5
1658056035,213689228,1,1,1,38,2,2
1658055972,409364001,1,1,1,8,8,2
1658056008,129079313,1,1,1,29,8,6
1658056119,129135654,1,1,1,8,20,2
1658056018,653080383,1,1,1,14,24,8
1658056081,1057039016,1,1,1,18,0,1
1658056119,1057045129,1,1,1,33,3,4
1658055814,1190800638,1,1,1,9,4,8
1658056109,302725495,1,1,1,35,3,12
1658055951,303102719,1,1,1,1,4,6
1658055883,27363277,1,1,1,34,1,2
1658056089,6295,1,1,1,4,14,3
1658056102,303452950,1,1,1,14,4,16
1658056091,54000617,1,1,1,8,7,5
1526880629,213691137,1,0,0,30,0,0
1658055727,653131074,1,1,1,9,12,3
1658055925,308082350,1,1,1,15,1,0
1658055971,653126035,1,1,1,4,8,8
1658055524,36473,1,0,0,12,1,0
1658055775,210745258,1,1,1,38,2,4
1658056013,37921892,1,1,1,20,3,2
1658055924,457834134,1,1,1,21,3,4
1658055923,653123610,1,1,1,28,1,6
1658055883,35101194,1,1,1,13,14,3
1658055969,54000615,1,1,1,17,7,5
1658056109,135806005,1,1,1,11,1,4
1658055914,66491395,1,1,1,7,28,1
1658056080,82550543,1,1,1,22,25,5
1658055925,653135378,1,1,1,27,5,3
1658055665,54000562,1,1,1,26,1,3
1658055868,402212574,1,1,1,26,0,2
1658056087,1057184567,1,1,1,30,0,4
1658056118,1057319366,1,1,1,8,15,6
1658055826,34235349,1,1,1,16,8,3
1658055611,210751059,1,1,1,7,2,7
1658056103,1057203651,1,1,1,28,11,3
1658055972,453172172,1,1,1,12,0,1
1658056064,478385490,1,1,1,14,0,13
1658056047,102326776,1,1,1,13,1,9
1658056067,213706622,1,1,1,14,2,7
1658055850,213686749,1,1,1,30,3,3
1658056051,1057302263,1,1,1,6,7,4
1658056119,82572699,1,1,1,18,6,4
1658055891,311552027,1,1,1,23,12,9
1658055852,27269170,1,1,1,17,1,2
1658055912,82375611,1,1,1,40,3,1
1658055778,443402852,1,1,1,41,5,2
1658055578,1062162270,1,1,1,12,3,5
1658055968,38192,1,1,1,29,3,2
1658055976,84958519,1,1,1,7,23,1
1658055797,559980654,1,1,1,19,1,4
1658055633,213952930,1,0,0,30,0,0
1658055834,458086607,1,1,1,7,9,11
1658055766,7247,1,1,1,22,0,0
1658056033,653081846,1,1,1,20,5,5
1658056021,213689815,1,1,1,28,4,4
1658056115,443198808,1,1,1,28,5,2
1658056113,620676855,1,1,1,0,13,8
1658056014,98187918,1,1,1,7,30,21
1658055907,13191324,1,1,1,28,2,3
1658056043,210738704,1,1,1,22,1,1
1658056000,102745622,1,1,1,13,13,2
1658055814,213999554,1,1,1,19,1,0
1658056072,213677219,1,1,1,11,7,1
1658055965,6294,1,1,1,0,13,9
1658056105,85155919,1,1,1,21,4,6
1658055914,1062238429,1,1,1,2,10,3
1658056082,369011098,1,1,1,11,2,8
1658056046,102343591,1,1,1,3,9,17
1658055967,27415150,1,1,1,1,13,8
1658056038,82565383,1,1,1,40,2,1
1658056098,653134004,1,1,1,20,3,1
1658056005,27415246,1,1,1,2,41,1
1658056085,389788858,1,1,1,37,33,2
1658056070,1056947780,1,1,1,27,0,3
1658055598,38327,1,1,1,37,0,4
1658056099,100925033,1,1,1,31,7,5
1658056053,109609241,1,1,1,15,13,4
1658055993,101491821,1,1,1,32,3,4
1658055809,82562496,1,1,1,18,1,0
1658056066,235197110,1,1,1,1,41,3
1658056037,417088374,1,1,1,0,28,9
1658055974,129145892,1,1,1,33,5,7
1658055791,439750210,1,1,1,21,0,2
1658056100,82584215,1,1,1,32,24,3
1658055795,42720305,1,1,1,37,1,0
1658056040,653205656,1,1,1,3,9,16
1658055948,653147618,1,1,1,17,0,10
1658056068,335989765,1,1,1,26,8,13
1658055765,417623119,1,1,1,16,0,4
1658056076,54000632,1,1,1,14,9,9
1658056088,428088564,1,1,1,14,2,7
1658055665,365886904,1,1,1,34,2,1
1658055903,85015750,1,1,1,33,2,3
1658056005,27064639,1,1,1,13,4,4
1658056006,102722579,1,1,1,23,3,0
1658056003,653083263,1,1,1,13,23,3
1658056073,39151458,1,1,1,14,1,4
1658055968,213682190,1,1,1,35,5,2
1658055701,468354634,1,1,1,26,1,3
1658056009,379063990,1,1,1,15,0,6
1658055840,221036108,1,1,1,45,0,2
1658056117,213692227,1,1,1,32,0,4
1658056085,75641607,1,1,1,12,14,4
1658055715,653137566,1,1,1,26,1,6
1658055993,213674686,1,1,1,24,8,3
1658055800,38522,1,1,1,22,0,1
1658055996,488889101,1,1,1,16,5,9
1658055969,653083675,1,1,1,13,1,6
1658056029,266422568,1,1,1,1,9,13
1658056034,488872892,1,1,1,18,20,2
1658055831,488800137,1,1,1,24,1,1
1658055751,1057730786,1,1,1,5,11,1
1658056083,131094294,1,1,1,6,11,13
1658056109,129016495,1,1,1,47,4,2
1658055868,1057335613,1,1,1,23,5,1
1658055984,491687415,1,1,1,18,1,3
1658056066,39202840,1,1,1,16,0,2
1658056107,653141822,1,1,1,12,4,4
1658056120,488980540,1,1,1,33,0,1
1658055590,54000599,1,1,1,21,1,2
1658055995,1057221951,1,1,1,3,19,4
1658056051,653137567,1,1,1,2,14,6
1658055984,54000600,1,1,1,31,1,0
1658055967,82455731,1,1,1,59,3,0
1658055990,15212034,1,1,1,16,2,2
1658055821,494183852,1,1,1,24,8,6
1658056055,1057399900,1,1,1,17,0,7
1658055961,559595472,1,1,1,14,6,3
1658056110,210395439,1,1,1,6,10,10
1658055988,491932748,1,1,1,38,0,1
1658055607,1057329581,1,1,1,21,3,0
1658056100,1057378487,1,1,1,17,1,3
1658056017,1057737444,1,1,1,16,28,7
1658056094,82336035,1,1,1,1,8,8
1658055956,1314450240,1,1,1,5,12,2
1658056011,2515636592,1,1,1,4,8,6
1658056073,255322397,1,1,1,18,3,5
1658029394,653139063,1,1,1,39,2,10
1658056116,1057091571,1,1,1,7,17,3
1658055647,210582231,1,1,1,22,2,1
1658056039,653087180,1,1,1,26,0,5
1656114400,583171360,1,0,0,30,0,0
1658056069,312870435,1,1,1,5,2,3
1658056105,1057354004,1,1,1,14,11,4
1658056025,129106450,1,1,1,29,2,3
1658056075,1057405802,1,1,1,21,0,7
1658056101,27414544,1,1,1,19,0,2
1658055881,213894629,1,1,1,26,8,10
1658055958,100923502,1,1,1,10,7,0
1658056009,129059516,1,1,1,41,2,1
1658056047,1227051850,1,1,1,26,9,3
1658056045,1057748427,1,1,1,14,24,5
1658056070,285001735,1,1,1,21,16,2
1658055883,54000560,1,1,1,6,9,4
1658055781,1062742831,1,1,1,22,8,7
1658055976,101017160,1,1,1,8,21,0
1658055800,100933541,1,1,1,22,4,1
1658055705,36391,1,1,1,18,2,2
1658055894,100934967,1,1,1,10,19,4
1658056120,437741660,1,1,1,19,15,8
1658055890,1062783107,1,1,1,8,21,1
1658055817,15309045,1,1,1,15,0,0
1658055906,653086121,1,1,1,27,2,4
1658056017,653139897,1,1,1,9,2,15
1658056072,476155906,1,1,1,1,16,9
1658056106,101011685,1,1,1,8,16,1
1658055838,27415547,1,1,1,24,0,0
1658056088,54000543,1,1,1,16,11,4
1613934558,1015246367,1,0,0,25,0,0
1658055972,284787594,1,1,1,21,15,3
1658056098,1057765913,1,1,1,25,10,2
1658055897,1062704564,1,1,1,32,7,1
1658056118,221043930,1,1,1,33,1,2
1658056116,1057234527,1,1,1,9,17,14
1658055615,49498164,1,1,1,12,2,0
1658056035,76121343,1,1,1,11,1,0
1658056043,1057072168,1,1,1,16,1,6
1658056101,1062685145,1,1,1,6,9,0
1658055962,1056715831,1,1,1,10,6,4
1658056031,101742129,1,1,1,35,1,1
1658056100,1057360420,1,1,1,25,0,2
1658055646,49117995,1,1,1,14,0,3
1658056116,214119792,1,1,1,2,14,4
1658055909,1057366813,1,1,1,27,1,0
1658056036,37504995,1,1,1,13,15,3
1658055785,131908132,1,1,1,10,6,3
1658055993,27363337,1,1,1,20,10,1
1658055990,125811629,1,1,1,26,12,5
1658055966,102307005,1,1,1,19,0,4
1658056109,1057753858,1,1,1,4,28,4
1658055802,452341449,1,1,1,14,5,5
1658055965,54000590,1,1,1,24,17,4
1658055558,6298,1,1,1,18,2,1
1658056045,27359295,1,1,1,26,1,1
1658055784,54000587,1,1,1,29,1,1
1658056018,81212212,1,1,1,21,1,1
1658055700,653087914,1,1,1,5,17,2
1658055784,41219552,1,1,1,13,5,5
1658056108,101738550,1,1,1,14,5,2
1658056106,54000622,1,1,1,16,6,6
1658055782,82339935,1,1,1,35,0,1
1658055823,27414713,1,1,1,14,7,8
1658055917,54000564,1,1,1,22,7,2
1658056122,13912564,1,1,1,16,5,3
1658055969,42907187,1,1,1,20,1,2
1658055666,58311330,1,1,1,20,1,3
1658055969,100967498,1,1,1,31,10,8
1658056119,39149651,1,1,1,14,24,14
1658055789,43247025,1,1,1,15,0,1
1658056000,70903158,1,1,1,20,2,1
1658056065,37879071,1,1,1,21,7,5
1658055580,41464928,1,1,1,55,4,0
1658055955,54000619,1,1,1,28,1,4
1658055986,38060,1,1,1,15,10,16
1658056020,101008598,1,1,1,37,5,0
1658055917,82332239,1,1,1,32,1,3
1658056067,75525462,1,1,1,37,4,4
1658055712,15462861,1,1,1,31,0,0
1658056077,95845524,1,1,1,6,7,3
1658055947,38407,1,1,1,35,6,0
1658056060,82554449,1,1,1,35,15,9
1658056112,39535340,1,1,1,5,19,6
1658055972,1062797394,1,1,1,9,13,3
1658056115,54000570,1,1,1,33,1,1
1658056038,1062256852,1,1,1,18,2,0
1658055756,1057373549,1,1,1,5,5,12
1658055645,653089942,1,1,1,15,3,3
1658056112,128841079,1,1,1,12,19,6
1658056052,220504949,1,1,1,14,9,8
1658056048,15308712,1,1,1,19,2,0
1658056097,7295,1,1,1,14,0,1
1658055890,27296946,1,1,1,22,2,3
1658056087,653143563,1,1,1,15,3,12
1658056050,443153677,1,1,1,8,15,13
1658055853,265201872,1,1,1,40,7,5
1658055898,66505510,1,1,1,44,13,4
1658056058,66491391,1,1,1,29,0,2
1658055949,1062245074,1,1,1,5,19,3
1658056117,201923447,1,1,1,18,16,3
1658055940,9931940126,1,1,1,28,2,6
1658055991,1057758764,1,1,1,20,12,4
1658055942,653144717,1,1,1,6,7,11
1658055992,42275164,1,1,1,30,2,4
1658055962,125623876,1,1,1,16,1,2
1658056039,85031184,1,1,1,44,7,1
1658055905,97824043,1,1,1,1,9,9
1658055637,66491379,1,1,1,10,0,2
1658055704,39169029,1,1,1,15,5,3
1658055811,35600927,1,1,1,35,0,0
1658055927,100868590,1,1,1,21,3,0
1658055821,54000616,1,1,1,17,11,3
1658055960,27364642,1,1,1,26,0,1
1657799568,66491381,1,1,1,6,9,12
1658055725,49094984,1,1,1,30,3,4
1658055980,77773,1,1,1,14,10,3
1658055993,15463487,1,1,1,23,1,2
1658055988,52518,1,1,1,19,0,3
1658056031,1062874070,1,1,1,24,4,10
1658056119,82574198,1,1,1,5,33,3
1658056075,30730,1,1,1,16,6,12
1658056012,27415389,1,1,1,24,0,3
1658055947,1062802530,1,1,1,11,3,8
1658055952,653091206,1,1,1,15,10,14
1658056102,653042678,1,1,1,10,12,3
1658056094,75345531,1,1,1,7,3,5
1658056069,66505516,1,1,1,14,20,8
1658052665,49341735,1,1,1,36,0,4
1658056019,15309674,1,1,1,19,0,1
1658055973,66491367,1,1,1,3,8,5
1658056050,129023855,1,1,1,22,1,1
1658055858,54000554,1,1,1,28,2,1
1658055991,27414902,1,1,1,18,0,2
1658055882,2515672078,1,1,1,14,5,4
1658056019,35317080,1,1,1,16,3,0
1658056109,27415179,1,1,1,6,11,5
1658056050,653146273,1,1,1,3,15,3
1658055936,1062882947,1,1,1,21,0,0
1658056084,653091677,1,1,1,1,18,4
1658056062,35472299,1,1,1,10,2,0
1658055858,1805255023,1,1,1,23,1,6
1658056064,66489651,1,1,1,24,5,4
1658055689,1057207064,1,1,1,10,4,10
1658056000,39626277,1,1,1,2,14,0
1658055553,213687475,1,1,1,15,1,6
1658056000,1062982815,1,1,1,16,0,3
1658056080,128890772,1,1,1,1,16,6
1658055988,266963426,1,1,1,35,15,1
1658056043,7268,1,1,1,9,18,2
1658056023,1237624420,1,1,1,25,3,1
1658055819,129152818,1,1,1,11,2,7
1658056115,27313492,1,1,1,22,3,3
1658056120,338824395,1,1,1,10,4,2
1658056121,128932790,1,1,1,23,1,5
1658055872,100760396,1,1,1,27,2,1
1658055760,210585225,1,1,1,15,1,3
1658056042,82396562,1,1,1,12,6,0
1658055977,312165511,1,1,1,15,14,5
1658055940,262607058,1,1,1,27,3,3
1658055945,1074095810,1,1,1,14,0,8
1658055914,128880156,1,1,1,1,5,18
1658055840,27415411,1,1,1,18,4,1
1658055898,210387163,1,1,1,23,7,1
1658056122,653150828,1,1,1,13,3,3
1658056095,443654970,1,1,1,24,10,1
1658055606,1063971944,1,1,1,21,5,3
1658056031,15153595,1,1,1,2,20,8
1658056102,54000465,1,1,1,23,1,3
1658056112,471094898,1,1,1,21,1,2
1658056066,66499894,1,1,1,20,8,4
1658056020,100759356,1,1,1,14,0,2
1658055850,1062911162,1,1,1,27,0,0
1658056033,42341698,1,1,1,39,1,2
1658055945,653187900,1,1,1,15,16,8
1658055965,128874528,1,1,1,10,2,5
1658055779,1062827573,1,1,1,19,8,2
1658055912,54000542,1,1,1,13,6,10
1658056082,1074187051,1,1,1,6,9,13
1658055677,331153695,1,1,1,18,5,1
1658056111,1074142878,1,1,1,1,4,13
1658056068,11874261013,1,1,1,4,12,3
1658056114,213680246,1,1,1,32,1,2
1658056120,1064000778,1,1,1,49,3,1
1658056072,1074060095,1,1,1,23,1,3
1658056026,1057290902,1,1,1,33,5,6
1658056109,80419347,1,1,1,6,13,4
1658055663,1063000561,1,1,1,12,2,6
1658055973,213680553,1,1,1,43,7,2
1658056105,1063012692,1,1,1,10,7,3
1658056064,54000538,1,1,1,0,9,19
1658056118,82499609,1,1,1,4,30,2
1658055689,1064008882,1,1,1,14,2,3
1658056103,653152142,1,1,1,6,2,12
1658056097,129029327,1,1,1,16,1,1
1658055650,1063429705,1,1,1,15,1,6
1658056055,478250062,1,1,1,0,13,10
1658056114,1062833975,1,1,1,29,3,0
1658056112,11908510683,1,1,1,3,11,12
1658055638,2515756572,1,1,1,23,2,7
1658056097,1063410400,1,1,1,2,3,17
1658055906,80298493,1,1,1,7,8,9
1658055521,98132679,1,1,1,39,9,1
1658056112,96608796,1,1,1,12,7,8
1658056110,48800374,1,1,1,2,8,4
1658056003,58391194,1,1,1,4,20,2
1658055948,1396728955,1,1,1,4,17,1
1658056098,128878135,1,1,1,21,2,4
1658055998,1063044618,1,1,1,3,15,11
1658055867,1063421211,1,1,1,32,2,3
1658056030,569583918,1,1,1,40,0,2
1658055795,129083553,1,1,1,15,14,3
1658056110,1074204954,1,1,1,4,19,5
1658056081,100767550,1,1,1,17,15,12
1658056050,1074333296,1,1,1,21,17,3
1658056077,11908496227,1,1,1,13,6,5
1658055995,54000537,1,1,1,5,2,8
1658056103,653094517,1,1,1,35,1,4
1658056075,1063984816,1,1,1,16,2,0
1658056107,442739463,1,1,1,2,4,8
1658056105,380891087,1,1,1,8,22,5
1658055996,49423507,1,1,1,16,22,13
1658056016,128834707,1,1,1,7,12,1
1658055728,78374110,1,1,1,12,2,2
1658056110,653097126,1,1,1,23,2,1
1658055998,391845823,1,1,1,20,0,5
1658055998,15433394,1,1,1,36,3,2
1658055591,653140345,1,1,1,23,0,1
1658056059,15290700,1,1,1,18,1,2
1658055956,276989966,1,1,1,0,9,8
1658056097,2515885093,1,1,1,23,1,6
1658056053,54001189,1,1,1,9,10,8
1658056089,653153519,1,1,1,11,6,1
1658056044,39887632,1,1,1,6,11,7
1658055938,581480367,1,1,1,59,7,1
1658055930,6293,1,1,1,24,2,2
1658055927,653072212,1,1,1,4,10,14
1658056050,128843085,1,1,1,9,20,0
1658055927,1063027377,1,1,1,10,4,10
1658055932,653085678,1,1,1,9,5,9
1658055841,6352,1,1,1,2,3,13
1658056004,120564786,1,1,1,47,10,1
1658056093,210386007,1,1,1,0,12,9
1658055982,6245,1,1,1,20,2,5
1658055958,1063053136,1,1,1,13,3,4
1658056056,27414358,1,1,1,3,12,4
1658056097,101751231,1,1,1,28,4,4
1658055960,1074339090,1,1,1,15,5,5
1658056026,1062844489,1,1,1,29,2,2
1658055702,54000596,1,1,1,33,0,1
1658055936,39169877,1,1,1,46,13,5
1658055934,653155159,1,1,1,11,3,8
1658055576,653099465,1,1,1,16,4,10
1658056112,323468705,1,1,1,4,9,8
1658055928,1810975577,1,1,1,21,1,7
1658055964,2705356759,1,1,1,10,15,3
1658055816,35380305,1,1,1,22,2,10
1658056120,100790494,1,1,1,16,6,1
1658056106,653040243,1,1,1,4,19,3
1658055731,1063061372,1,1,1,32,2,1
1658056004,2705290225,1,1,1,14,5,10
1658056026,214019379,1,1,1,15,4,5
1658055956,82574979,1,1,1,20,1,5
1658056085,1599896463,1,1,1,13,4,6
1658055889,1987547083,1,1,1,24,1,5
1658056058,2705338817,1,1,1,9,2,11
1658056120,1074410417,1,1,1,15,5,7
1658056114,1074352578,1,1,1,6,12,7
1658056066,53999465,1,1,1,9,33,23
1658055926,653156540,1,1,1,31,1,3
1658056112,54000573,1,1,1,24,19,1
1658056074,210328645,1,0,0,19,0,0
1658055813,99886640,1,1,1,20,2,1
1658055936,129080400,1,1,1,22,1,0
1658056119,1981490798,1,1,1,15,1,7
1658055997,66491366,1,1,1,33,4,0
1658055817,6297,1,1,1,17,1,0
1658056035,1074428106,1,1,1,0,21,7
1658055935,653102462,1,1,1,9,19,14
1658056034,653031913,1,1,1,18,1,0
1658055570,1057210479,1,1,1,2,8,5
1658055938,27414527,1,1,1,7,7,4
1658056110,653092274,1,1,1,27,1,4
1658056107,208603342,1,1,1,2,13,5
1658056106,311153993,1,1,1,15,13,4
1658056022,632086890,1,1,1,0,18,7
1658055814,653104215,1,1,1,31,0,3
1658055794,54000557,1,1,1,18,1,1
1658056111,653110858,1,1,1,21,1,1
1658055543,653159330,1,1,1,19,3,6
1658055792,49424560,1,1,1,31,3,1
1658055855,653165196,1,1,1,3,17,4
1658055883,1074390359,1,1,1,5,14,11
1658056114,2002864789,1,1,1,11,1,2
1658056074,11146714746,1,1,1,18,1,9
1658055653,11146696292,1,1,1,7,20,4
1658056064,653107480,1,1,1,17,2,2
1658055973,1988517250,1,1,1,15,2,8
1658055855,74864208,1,1,1,26,1,1
1658056073,653166892,1,1,1,1,15,13
1658055966,653106960,1,1,1,6,23,7
1658056015,82468690,1,1,1,51,2,3
1658055567,54000536,1,1,1,31,1,3
1658056057,39565873,1,1,1,25,1,1
1658056065,1074398925,1,1,1,0,17,18
1658056064,12225158518,1,1,1,23,2,2
1658055979,12225289563,1,1,1,22,2,3
1658055950,567884788,1,1,1,4,13,5
1658056068,99950133,1,1,1,45,5,4
1658055962,549480297,1,1,1,8,12,2
1658056091,12196660096,1,1,1,26,4,0
1658056009,653175838,1,1,1,9,0,7
1658056113,84960402,1,1,1,13,17,7
1658056108,2515701705,1,1,1,16,1,2
1658055991,15550433574,1,1,1,27,0,11
1658056034,11218473640,1,1,1,22,0,2
1632509667,54000558,1,0,0,0,0,0
1658056109,653110492,1,1,1,9,18,0
1658055855,102339791,1,1,1,17,5,3
1658055930,52474,1,1,1,21,0,0
1658056108,486750405,1,1,1,16,4,2
1658056091,10773448319,1,1,1,7,8,11
1658056114,11438171152,1,1,1,20,0,3
1658055895,653046369,1,1,1,8,6,12
1658055740,125370566,1,1,1,15,3,2
1658056078,66491396,1,1,1,26,11,12
1658055921,102328355,1,1,1,15,2,3
1658056044,76352106,1,1,1,26,4,1
1658056015,653180903,1,1,1,10,11,14
1658056017,101015227,1,1,1,2,24,9
1658056084,74805344,1,1,1,24,2,4
1658056106,78124875,1,1,1,50,1,3
1658056016,54000578,1,1,1,17,14,1
1658056077,102724418,1,1,1,12,6,6
1658056098,102287315,1,1,1,18,24,0
1658055892,42950428,1,1,1,25,20,2
1658056055,100921894,1,1,1,14,4,1
1658056102,82429586,1,1,1,10,28,1
1658055761,37995,1,1,1,35,12,3
1658056062,653193536,1,1,1,7,0,8
1658055862,54000589,1,1,1,59,8,0
1658055862,74692052,1,1,1,29,0,2
1658056093,35080917,1,1,1,20,2,5
1658055884,89553051,1,1,1,14,2,5
1658055986,11218807773,1,1,1,12,25,9
1658056115,101759167,1,1,1,19,23,2
1658056109,37420,1,1,1,14,0,2
1658055843,27363058,1,1,1,15,4,4
1658055959,66491390,1,1,1,34,2,2
1658055995,653114003,1,1,1,5,14,2
1658056119,27363206,1,1,1,24,2,2
1658056032,54000591,1,1,1,34,0,3
1658055861,49791363,1,1,1,19,1,10
1658056105,7402,1,1,1,6,3,4
1658055893,75352635,1,1,1,18,3,4
1658056039,34836174,1,1,1,1,26,4
1658055676,6354,1,1,1,13,19,1
1628239218,16206842336,0,0,0,0,0,0
1658055993,101022698,1,1,1,14,12,9
1658056008,27415194,1,1,1,32,1,2
1658055831,54000624,1,1,1,18,1,0
1658055907,653114443,1,1,1,1,13,6
1658056036,74635382,1,1,1,21,6,7
1658056113,653190196,1,1,1,28,3,1
1658055728,27363156,1,1,1,12,4,3
1658055696,39776330,1,1,1,11,3,3
1658055962,54000594,1,1,1,16,1,10
1658056103,66491373,1,1,1,7,11,1
1658055992,66491409,1,1,1,17,2,1
1658056120,82583924,1,1,1,27,1,1
1658056012,124183944,1,1,1,17,34,3
1658056012,27363389,1,1,1,11,16,2
1658056093,653184632,1,1,1,18,6,9
1658056009,102751453,1,1,1,21,3,2
1628171945,16206691682,0,0,0,0,0,0
1658055923,35263507,1,1,1,20,0,0
1658056055,58086242,1,1,1,9,0,2
1658055620,82440673,1,1,1,45,1,4
1658056073,27399547,1,1,1,11,5,5
1658056081,54000610,1,1,1,34,31,3
1658056118,13356269,1,1,1,31,0,1
1658056086,54000583,1,1,1,23,8,4
1658055972,63279,1,1,1,14,2,0
1658056037,125918662,1,1,1,18,2,0
1658056070,15163771,1,1,1,2,24,3
1658056077,82571023,1,1,1,41,0,4
1658056052,100893610,1,1,1,6,39,12
1658055944,27363205,1,1,1,25,6,4
1658056039,653197206,1,1,1,5,6,13
1658056122,27415256,1,1,1,15,14,4
1658056110,101488317,1,1,1,25,3,4
1658055644,6497,1,1,1,14,1,5
1658055748,653118283,1,1,1,21,3,1
1658055855,117480156,1,1,1,35,4,1
1658056026,124167835,1,1,1,2,4,12
1658056093,74858883,1,1,1,23,5,4
1658056077,66491384,1,1,1,12,14,7
1658056032,102748267,1,1,1,12,10,2
1658055977,28233012,1,1,1,16,4,10
1658056107,27415371,1,1,1,28,0,7
1658056080,49829553,1,1,1,27,2,1
1658055980,128884445,1,1,1,55,4,4
1658055903,37848502,1,1,1,19,2,3
1658056118,54000552,1,1,1,21,7,2
1658055748,102752610,1,1,1,26,0,2
1658056038,82335295,1,1,1,14,7,7
1658055913,66491382,1,1,1,32,1,2
1658055939,124176568,1,1,1,13,0,1
1658056051,39882420,1,1,1,19,2,0
1658055697,27415360,1,1,1,19,0,0
1658055969,82588494,1,1,1,27,1,0
1658056062,125542925,1,1,1,32,0,4
1658055916,54000547,1,1,1,20,11,3
1658056101,82425449,1,1,1,44,4,1
1658056115,7234,1,1,1,12,10,6
1658056021,85160045,1,1,1,13,6,6
1658055772,35816213,1,1,1,31,1,1
1658055946,82408364,1,1,1,29,3,5
1658055743,653190279,1,1,1,3,16,2
1658055941,82551956,1,1,1,24,6,1
1658055931,66491372,1,1,1,30,20,6
1658056094,82413301,1,1,1,28,4,4
1658056063,80077998,1,1,1,10,2,5
1658055847,13248144,1,1,1,29,0,2
1658056081,54000568,1,1,1,38,5,5
1658056006,39311270,1,1,1,30,1,2
1658056032,54000631,1,1,1,18,2,3
1658056079,99840124,1,1,1,40,3,1
1658056091,54000623,1,1,1,24,0,1
1658055758,653121023,1,1,1,5,15,4
1658056110,76507850,1,1,1,22,0,10
1658055872,101010226,1,1,1,53,9,3
1658056051,653194214,1,1,1,5,10,4
1658055777,11375742,1,1,1,20,3,2
1658056098,27415083,1,1,1,33,16,3
1658055803,27415333,1,1,1,53,2,1
1658056104,66491369,1,1,1,29,11,5
1658056020,27363397,1,1,1,17,0,1
1658055592,39878420,1,1,1,19,0,1
1658055833,27363504,1,1,1,27,1,2
1658055974,27414932,1,1,1,31,0,6
1658056042,14623073464,1,1,1,26,12,7
1658056051,82588656,1,1,1,18,30,4
1658055804,35471668,1,1,1,24,1,4
1658056102,27415500,1,1,1,9,15,0
1658056103,11580442,1,1,1,5,9,2
1658055906,99798962,1,1,1,17,12,6
1658055958,66507230,1,1,1,9,8,2
1658056122,125881065,1,1,1,27,1,5
1658056009,54000627,1,1,1,9,10,2
1658055759,121086415,1,1,1,21,2,1
1658056011,84961467,1,1,1,47,6,1
1658056090,54000629,1,1,1,27,5,4
1658056104,27415004,1,1,1,4,31,3
1658055765,27415128,1,1,1,8,5,6
1658056089,27414937,1,1,1,31,6,2
1658055867,42588096,1,1,1,14,8,5
1658056083,100227241,1,1,1,25,7,3
1658055942,2254322638,1,1,1,19,2,5
1658055677,15377776,1,1,1,34,1,0
1658056032,70736110,1,1,1,23,4,5
1627636430,16210188070,0,0,0,0,0,0
1627545043,16210512714,0,0,0,0,0,0
1658055910,11063317380,1,1,1,13,5,0
1658056084,121160813,1,1,1,22,1,3
1658055667,66491388,1,1,1,33,0,0
1650555662,16043228469,0,0,0,0,0,0
1650556299,16043282800,0,0,0,0,0,0
1658055728,15189890802,1,1,1,18,1,5
1658055957,16043242148,1,1,1,16,5,5
1658055802,16043316164,1,1,1,21,3,3
1658055784,54000628,1,1,1,42,10,4
1658056038,15187848239,1,1,1,6,19,3
1658056112,129095489,1,1,1,28,0,0
1658056043,1057383154,1,1,1,3,40,6
1658056105,218903767,1,1,1,56,1,5
1658056107,37647,1,1,1,23,1,2
1658055863,523900881,1,1,1,47,2,8
1658056017,54000555,1,1,1,23,7,2
1658003859,54000621,1,0,0,56,0,0
1658056026,214097180,1,1,1,11,10,3
1658056073,54000556,1,1,1,14,5,7
1658056077,2515618216,1,1,1,5,8,17
1658056108,1057387136,1,1,1,8,14,7
1658055784,11908488283,1,1,1,16,5,4
1658055980,85123644,1,1,1,15,10,1
1658056099,100863462,1,1,1,23,31,10
1658055978,253357936,1,1,1,25,31,2
1658056051,42517412,1,1,1,13,0,10
1658055860,54000551,1,1,1,11,1,4
1593435140,213699079,1,0,0,67,0,0
1658056039,10647548670,1,1,1,7,5,10
1658055983,15066765479,1,1,1,19,8,13
1658055816,10647608657,1,1,1,6,9,13
1658055945,213676294,1,1,1,4,12,5
1658055895,95073815,1,1,1,36,0,1
1558939179,16134135570,0,0,0,0,0,0
1657865483,16134083337,0,0,0,30,0,0
1658056061,11266280626,1,1,1,3,11,18
1658055821,49039283,1,1,1,15,1,2
1658056032,35642049,1,1,1,10,1,2
1658056086,11851012506,1,1,1,1,22,12
1627456205,16379269732,0,0,0,0,0,0
1658055862,27033125,1,1,1,11,2,2
1658055821,13341879803,1,1,1,4,11,9
1658056119,1074347188,1,1,1,12,4,3
1658056072,2515774908,1,1,1,22,0,0
1658055920,84986959,1,1,1,35,20,3
1658056057,11851103861,1,1,1,24,1,0
1658056109,12806084887,1,1,1,31,1,12
1658056107,123546861,1,1,1,22,2,2
1658055930,12943772652,1,1,1,21,5,4
1658056108,12948189248,1,1,1,13,13,4
1658055994,15826185972,1,1,1,9,3,4
1658056102,82423726,1,1,1,17,42,8
1658056064,252301607,1,1,1,17,2,3
1658056045,12959947458,1,1,1,23,0,0
1658055924,210581084,1,1,1,40,3,1
1658056104,101013666,1,1,1,16,14,3
1658056117,34742973,1,1,1,6,15,1
1658056017,11437761399,1,1,1,2,25,4
1658056053,11438116799,1,1,1,13,25,2
1658056109,11437961617,1,1,1,5,15,6
1658055559,11438049493,1,1,1,28,2,0
1658055872,11437651826,1,1,1,14,8,7
1658056100,11004720021,1,1,1,5,17,5
1658056073,102335085,1,1,1,6,17,8
1653472786,11437706131,0,0,0,26,0,0
1658055719,13373712848,1,1,1,21,1,2
1658056113,13373848216,1,1,1,8,3,16
1658056055,13373801574,1,1,1,0,3,24
1658055865,13373758036,1,1,1,15,0,11
1658056112,394404659,1,1,1,12,27,9
1658056046,129026597,1,1,1,2,8,12
1658056120,1062807847,1,1,1,12,21,6
1658055973,478732841,1,1,1,3,9,5
1658055979,82402482,1,1,1,53,0,2
1658055659,129088667,1,1,1,33,2,3
1658056110,516395829,1,1,1,7,5,0
1658055944,368766689,1,1,1,9,14,6
1658056078,54000604,1,1,1,32,1,2
1658055878,43247738,1,1,1,28,6,0
1658055777,102311820,1,1,1,34,0,1
1658056118,315022587,1,1,1,51,11,2
