"last_reported","station_id","is_installed","is_returning","is_renting","dock_available","mechanical_available","electric_available"
1658218321,213688169,1,1,1,33,0,2
1658218441,653222953,1,1,1,3,4,21
1658218470,516709288,1,1,1,17,0,3
1658218000,36255,1,1,1,18,0,3
1658218300,37815204,1,1,1,26,2,1
1658218391,100769544,1,1,1,19,23,3
1658218222,85002689,1,1,1,41,12,3
1658218326,123095125,1,1,1,56,2,1
1658218293,120827885,1,1,1,0,10,1
1658218158,251039991,1,1,1,17,5,3
1658218290,37874517,1,1,1,18,1,2
1658218442,66491398,1,1,1,24,22,2
1658218326,210403080,1,1,1,20,2,1
1658218321,210561800,1,1,1,12,4,1
1658218482,209063434,1,1,1,20,6,2
1658218399,94555589,1,1,1,23,1,2
1658218460,244498842,1,1,1,35,8,4
1658218275,210405211,1,1,1,17,1,1
1658218346,43195240,1,1,1,12,9,3
1658218246,501862076,1,1,1,20,0,0
1658218472,54000559,1,1,1,31,3,5
1658218478,207633746,1,1,1,33,6,10
1658218150,85043758,1,1,1,30,2,4
1658218479,210566542,1,1,1,24,23,13
1658218462,437597018,1,1,1,25,3,0
1658218423,210565680,1,1,1,21,8,4
1658218238,210397939,1,1,1,9,5,2
1658218336,82405965,1,1,1,16,20,5
1658218297,213682736,1,1,1,48,2,1
1658218372,80101533,1,1,1,25,6,3
1658218399,54000581,1,1,1,19,13,1
1658218473,13105968,1,1,1,20,0,1
1658218346,653208733,1,1,1,36,2,0
1658218233,27415224,1,1,1,1,25,6
1658218433,907054879,1,1,1,7,3,10
1658218466,129094535,1,1,1,27,11,3
1658218398,54000612,1,1,1,27,13,1
1658206456,128986726,1,1,1,33,0,0
1658217955,599135701,1,1,1,43,0,0
1658218301,102747146,1,1,1,10,11,3
1658218197,2515403527,1,1,1,27,2,1
1658218340,653132534,1,1,1,10,10,5
1658218295,506455295,1,1,1,0,11,4
1658218480,1057149522,1,1,1,6,12,2
1658218356,210567545,1,1,1,7,9,1
1658218478,2515085147,1,1,1,21,0,0
1658218159,653197324,1,1,1,7,4,13
1658218031,210408693,1,1,1,19,2,2
1658218156,42950839,1,1,1,9,8,1
1658218469,14813797734,1,1,1,13,7,7
1658218436,88230992,1,1,1,26,0,4
1658218239,499303158,1,1,1,1,24,4
1658218451,27415302,1,1,1,24,0,1
1658218345,27414512,1,1,1,23,7,10
1658218461,210580039,1,1,1,16,0,0
1658218479,49474389,1,1,1,0,12,11
1658218356,128940135,1,1,1,4,4,12
1658218358,35149611,1,1,1,10,0,2
1658218429,1057296253,1,1,1,7,52,3
1658218345,210570888,1,1,1,3,10,8
1658218481,129107656,1,1,1,20,1,0
1658218415,1057228658,1,1,1,17,1,4
1658218427,230873471,1,1,1,12,1,7
1658218020,507934805,1,1,1,23,1,1
1658218377,205047993,1,1,1,43,2,1
1658218390,39799329,1,1,1,14,13,6
1658218478,129164969,1,1,1,43,2,2
1658218274,128989986,1,1,1,8,8,12
1658218404,129004826,1,1,1,16,0,0
1658217952,518825709,1,1,1,19,1,1
1658218473,128930462,1,1,1,1,12,16
1658218257,911767210,1,1,1,18,3,0
1658218331,54000565,1,1,1,24,0,1
1658218209,210586093,1,1,1,21,1,0
1658218149,7254,1,1,1,19,4,1
1658218307,369644630,1,1,1,29,1,1
1658218448,214114469,1,1,1,8,21,1
1658218320,128887067,1,1,1,2,10,6
1658218440,55927887,1,1,1,4,30,1
1658218407,210574471,1,1,1,8,1,4
1658218422,72765603,1,1,1,18,0,1
1658218315,210582921,1,1,1,0,9,5
1658218375,43255030,1,1,1,39,4,5
1658218158,129025451,1,1,1,23,0,4
1658218128,128920403,1,1,1,17,8,2
1658217904,323616530,1,1,1,8,5,2
1658217971,208795867,1,1,1,16,1,0
1658218464,1062192012,1,1,1,12,2,18
1658218257,6296,1,1,1,12,3,2
1658218461,521393180,1,1,1,13,2,6
1658218348,576188379,1,1,1,20,3,0
1658218296,128915891,1,1,1,1,24,5
1658218364,82567101,1,1,1,16,4,2
1652812373,102290754,1,0,0,24,0,0
1658218460,457813746,1,1,1,10,2,2
1658218264,128882438,1,1,1,2,29,7
1658218473,50191171,1,1,1,22,0,1
1658218473,129014600,1,1,1,0,18,15
1658218056,3906153622,1,1,1,15,0,1
1658218357,129087587,1,1,1,38,0,0
1658218424,213693511,1,1,1,22,0,1
1658218450,82379648,1,1,1,0,7,23
1658218438,66491397,1,1,1,9,43,8
1658218436,907081682,1,1,1,0,0,0
1658218270,230877798,1,1,1,34,0,0
1658144115,2515995748,1,1,1,21,0,1
1658218344,27363162,1,1,1,21,2,0
1658218472,129021753,1,1,1,11,2,3
1658218462,210740080,1,1,1,48,0,0
1658218478,54000569,1,1,1,37,0,1
1658218177,80216231,1,1,1,37,2,0
1658218297,336511521,1,1,1,16,0,1
1658218224,129043651,1,1,1,12,8,0
1658218286,82562556,1,1,1,40,7,1
1658218183,129048000,1,1,1,41,0,3
1658218121,1062250686,1,1,1,26,2,7
1658218457,261987383,1,1,1,14,11,0
1658218428,813544903,1,1,1,26,3,1
1658218109,126050442,1,1,1,22,1,0
1658218461,27363489,1,1,1,23,0,1
1658218467,39296638,1,1,1,0,22,13
1658218411,205938683,1,1,1,35,11,6
1658218300,210399835,1,1,1,37,0,1
1658218364,1057324291,1,1,1,56,1,0
1658218360,102324803,1,1,1,36,0,1
1658218332,101763163,1,1,1,5,7,0
1658218425,653133605,1,1,1,3,33,8
1658218443,3906094706,1,1,1,31,1,0
1658218278,27414578,1,1,1,13,1,2
1658218249,508042092,1,1,1,7,24,3
1658218236,42603855,1,1,1,7,0,10
1658218403,818302209,1,1,1,11,11,27
1658218326,13718041,1,1,1,21,1,2
1658217976,265464297,1,1,1,49,0,1
1658218477,1057392676,1,1,1,10,17,7
1658217893,102309973,1,1,1,41,1,1
1658218434,532054446,1,1,1,51,4,0
1658218267,129034587,1,1,1,16,0,0
1658218404,314829539,1,1,1,35,7,6
1658218301,586539770,1,1,1,9,9,4
1658218011,3906335682,1,1,1,20,0,5
1658218051,583539396,1,1,1,13,10,2
1658218256,101753100,1,1,1,0,8,8
1658218473,27415466,1,1,1,19,1,1
1658218228,52393,1,1,1,34,6,10
1658218330,81081358,1,1,1,38,0,0
1658218012,66491385,1,1,1,22,1,1
1658218462,209057581,1,1,1,18,0,0
1658218436,66491389,1,1,1,1,34,23
1658218475,210749865,1,1,1,6,6,4
1658218456,535500589,1,1,1,6,40,18
1658218327,597245295,1,1,1,34,0,1
1658218092,213684314,1,1,1,22,1,1
1658218441,235513935,1,1,1,25,0,2
1658218421,27206194,1,1,1,16,3,0
1658218434,102323152,1,1,1,17,0,1
1658218420,129060764,1,1,1,15,11,1
1658218451,828134511,1,1,1,20,6,4
1658218389,586649404,1,1,1,10,6,8
1658218335,596813170,1,1,1,13,0,2
1658218164,596872103,1,1,1,30,0,0
1658218356,271426439,1,1,1,17,0,2
1658218120,27363187,1,1,1,40,1,2
1658218472,76199461,1,1,1,29,2,0
1658218424,230952057,1,1,1,7,15,8
1658218393,37815993,1,1,1,3,29,3
1658218308,88140066,1,1,1,43,12,10
1658218408,213683101,1,1,1,16,1,1
1658218404,213684750,1,1,1,21,8,5
1658218359,129067920,1,1,1,37,1,1
1658218381,2515049357,1,1,1,1,16,6
1658218316,27364743,1,1,1,18,0,2
1658218234,102314792,1,1,1,28,1,3
1658218456,35447568,1,1,1,20,0,3
1658218232,129038848,1,1,1,7,2,7
1658218377,27415736,1,1,1,24,4,2
1658218413,583178525,1,1,1,20,0,0
1658218445,2514995690,1,1,1,1,20,9
1658218405,82387816,1,1,1,13,8,11
1658218479,213685090,1,1,1,28,1,0
1658218472,301841024,1,1,1,27,1,1
1658218343,66491402,1,1,1,33,1,0
1658218037,213679512,1,1,1,24,1,0
1658218475,588452142,1,1,1,18,5,0
1658218471,85147829,1,1,1,12,10,4
1658218482,213681356,1,1,1,20,1,1
1658218424,2515351285,1,1,1,23,1,1
1658218427,213685514,1,1,1,5,17,1
1658218426,102329800,1,1,1,27,0,0
1658218462,54000625,1,1,1,23,8,1
1658218359,572566600,1,1,1,16,3,10
1658218130,213911772,1,1,1,44,4,8
1658218481,129132870,1,1,1,14,7,2
1658218422,620403530,1,1,1,1,10,9
1658218363,66491378,1,1,1,44,6,1
1658218383,631773910,1,1,1,6,18,0
1658218340,1765749389,1,1,1,1,10,1
1658218015,611152693,1,1,1,19,0,8
1658218343,235241110,1,1,1,9,37,15
1658218451,613737748,1,1,1,6,22,2
1658218254,41498023,1,1,1,22,1,0
1658218419,1062671597,1,1,1,12,5,5
1658218482,213945171,1,1,1,21,0,1
1658172380,463297497,1,1,1,20,0,0
1658218155,213875650,1,1,1,6,11,7
1658218053,245187072,1,1,1,18,1,0
1658218420,129144878,1,1,1,6,18,5
1658218107,27415665,1,1,1,38,2,1
1658218375,593238093,1,1,1,1,12,11
1658217882,102331767,1,1,1,28,4,2
1658218436,37791,1,1,1,27,3,5
1658218266,50156117,1,1,1,22,0,1
1658218480,15462236,1,1,1,14,2,16
1658218075,129093478,1,1,1,24,1,2
1658218398,35908,1,1,1,16,1,1
1658218467,210744286,1,1,1,41,2,2
1658218469,101024234,1,1,1,26,25,4
1658218140,213992316,1,1,1,48,1,1
1658218064,213694482,1,1,1,19,1,0
1658218404,129011497,1,1,1,20,0,2
1658218118,101743895,1,1,1,55,6,1
1658218017,213691848,1,1,1,40,1,1
1658218472,210396518,1,1,1,4,2,10
1658218052,97677210,1,1,1,44,1,2
1658218468,39254792,1,1,1,39,1,4
1658218383,213683992,1,1,1,28,18,2
1658218079,54000601,1,1,1,18,0,0
1658218378,27362896,1,1,1,1,13,12
1658218441,213687140,1,1,1,25,7,2
1658218244,235599121,1,1,1,24,1,1
1658218415,213680917,1,1,1,21,2,1
1658218469,1057774603,1,1,1,28,1,2
1658218024,213688462,1,1,1,38,0,0
1658218479,102749572,1,1,1,26,10,11
1658218443,549876068,1,1,1,22,7,10
1658218281,390212609,1,1,1,15,14,1
1658218441,63498079,1,1,1,17,3,3
1658218466,102338493,1,1,1,24,2,3
1658218107,875078767,1,1,1,18,1,1
1658218461,210573120,1,1,1,27,1,4
1658218461,1558958733,1,1,1,7,6,12
1658218352,2515802454,1,1,1,13,5,8
1658218251,648227675,1,1,1,39,0,1
1658218384,42566291,1,1,1,1,18,14
1658218028,1062206433,1,1,1,19,0,1
1658218458,129032910,1,1,1,48,1,2
1658218304,647826568,1,1,1,11,17,2
1658218128,54000577,1,1,1,24,2,0
1658217908,54001024,1,1,1,47,0,2
1658218473,94250567,1,1,1,10,37,4
1658218314,129078200,1,1,1,22,3,3
1658218397,649888071,1,1,1,2,10,6
1658218341,82563707,1,1,1,25,4,3
1658218424,129143598,1,1,1,1,14,13
1658218467,213690847,1,1,1,30,5,2
1658218443,102333275,1,1,1,1,23,8
1658218454,640629438,1,1,1,7,6,7
1658218249,82328045,1,1,1,10,9,3
1658218378,27363362,1,1,1,17,0,1
1658218456,237624030,1,1,1,2,26,8
1658218061,213957917,1,1,1,0,18,8
1658218394,54000626,1,1,1,9,8,5
1658218101,6399,1,1,1,31,0,2
1658218457,210746090,1,1,1,46,1,2
1658217885,27414841,1,1,1,28,0,1
1658218328,82253759,1,1,1,1,18,8
1658218065,82457375,1,1,1,27,2,2
1658218294,54000609,1,1,1,31,1,1
1515739220,27415512,1,0,0,35,0,0
1658218107,49859500,1,1,1,12,5,1
1658218150,214139374,1,1,1,27,0,2
1658218326,213702608,1,1,1,17,1,1
1658217932,559507144,1,1,1,24,0,1
1658218455,213700358,1,1,1,20,0,0
1658218411,653063170,1,1,1,24,11,3
1658218478,3906215030,1,1,1,32,4,2
1658218407,129151834,1,1,1,39,1,1
1658218241,237041013,1,1,1,11,7,1
1658218185,54000553,1,1,1,2,16,16
1658218133,653200142,1,1,1,23,8,5
1658218476,650091839,1,1,1,12,8,4
1658218302,362869414,1,1,1,15,9,0
1658218408,55664548,1,1,1,3,28,2
1658218441,100859941,1,1,1,9,22,19
1658218386,49368561,1,1,1,48,7,0
1658218225,42743053,1,1,1,33,0,0
1658218290,213699913,1,1,1,21,1,3
1658217989,101740379,1,1,1,40,0,1
1658218295,4329844165,1,1,1,29,2,2
1658218461,213694069,1,1,1,23,3,0
1655990886,214134714,1,0,0,26,0,0
1658218041,468843711,1,1,1,23,0,0
1658218411,378626842,1,1,1,38,9,3
1658218243,27414945,1,1,1,13,2,0
1658218260,210090269,1,1,1,59,2,1
1658218319,376664868,1,1,1,22,5,2
1658218470,2515927759,1,1,1,14,3,9
1658218466,205955605,1,1,1,0,22,14
1658218248,933214552,1,1,1,0,22,2
1658218336,66491370,1,1,1,24,0,4
1658218429,353462947,1,1,1,10,14,5
1658218202,1559700274,1,1,1,16,2,1
1658207029,39217683,1,1,1,12,8,2
1658217974,213688824,1,1,1,32,1,0
1658218441,82337423,1,1,1,14,25,7
1658218107,66491404,1,1,1,19,1,0
1658218330,652120758,1,1,1,55,2,2
1658218455,66491393,1,1,1,37,9,1
1658218301,1062223873,1,1,1,13,4,5
1658218463,49085250,1,1,1,15,1,1
1658218384,376526598,1,1,1,30,14,2
1658218450,27071684,1,1,1,32,0,1
1658218349,2515907297,1,1,1,0,9,8
1658217965,66491401,1,1,1,55,0,1
1658218482,341388492,1,1,1,42,1,3
1658218480,985828965,1,1,1,19,21,0
1658218481,338762459,1,1,1,15,10,1
1658218436,323486248,1,1,1,10,2,4
1658218438,66491392,1,1,1,42,1,0
1658218303,478952881,1,1,1,22,0,2
1658218182,501318622,1,1,1,21,1,2
1658218461,38263504,1,1,1,2,12,8
1658218183,470807791,1,1,1,15,9,8
1658218376,82445192,1,1,1,35,0,2
1658218269,2515658032,1,1,1,18,0,1
1658218422,568135465,1,1,1,1,16,20
1657840010,570185777,1,0,0,0,0,0
1658218443,214102967,1,1,1,36,2,5
1658218316,54000597,1,1,1,19,0,3
1658218261,82417874,1,1,1,47,1,3
1658218428,102319838,1,1,1,14,0,1
1658218408,652192395,1,1,1,31,32,3
1658218381,571923059,1,1,1,40,2,3
1658218450,66491405,1,1,1,23,1,2
1658218480,54000635,1,1,1,11,13,7
1658218480,54000544,1,1,1,1,34,2
1658218401,1062179194,1,1,1,22,0,3
1658218472,1063017616,1,1,1,15,4,2
1658218343,378648513,1,1,1,34,0,1
1658218122,27278603,1,1,1,22,0,3
1658218451,13497763,1,1,1,22,0,1
1658218445,653042442,1,1,1,2,16,22
1658218063,49807107,1,1,1,15,0,2
1658218388,82450803,1,1,1,40,14,5
1658218418,210747224,1,1,1,3,32,14
1658218391,210568512,1,1,1,3,22,35
1658218230,213691542,1,1,1,27,15,10
1658218262,357409723,1,1,1,27,1,2
1658218447,2515855808,1,1,1,1,11,22
1658218445,384370499,1,1,1,23,0,2
1658218139,49403716,1,1,1,0,21,6
1658218350,54000571,1,1,1,50,1,1
1658218131,473204291,1,1,1,1,12,19
1658218072,27363103,1,1,1,25,5,2
1658218433,85145704,1,1,1,23,1,1
1658217976,653044270,1,1,1,15,2,0
1658218458,26958435,1,1,1,24,0,1
1658218311,6385,1,1,1,19,0,2
1658218458,213857398,1,1,1,9,1,4
1658218473,82550925,1,1,1,3,28,6
1658217896,27363096,1,1,1,32,0,1
1658218091,85165045,1,1,1,0,10,13
1658217932,129119449,1,1,1,19,0,0
1658218474,475524450,1,1,1,17,2,6
1658218441,653048150,1,1,1,13,19,8
1658218482,244400797,1,1,1,16,4,2
1658217919,213922790,1,1,1,49,0,1
1658218482,129001431,1,1,1,24,1,4
1658218430,210753033,1,1,1,6,7,1
1658218460,653203262,1,1,1,3,10,7
1658218355,406806401,1,1,1,28,0,0
1658218311,85143075,1,1,1,29,0,1
1658218345,1063035479,1,1,1,2,7,13
1658217949,54000595,1,1,1,36,0,0
1658218404,82571110,1,1,1,5,8,13
1658218361,54000582,1,1,1,25,1,1
1658218395,217235307,1,1,1,20,0,2
1658218366,210748575,1,1,1,41,9,1
1658218479,82421994,1,1,1,29,2,4
1658218332,214123470,1,1,1,11,9,4
1658218405,129086648,1,1,1,30,7,5
1658218464,217572769,1,1,1,13,8,7
1658218035,214298601,1,1,1,20,1,1
1658218436,129125489,1,1,1,18,1,2
1658218258,214122655,1,1,1,11,14,5
1658218079,15461933,1,1,1,8,8,1
1658218139,82458977,1,1,1,22,1,0
1658218467,129077035,1,1,1,41,9,1
1658218259,221047138,1,1,1,17,0,1
1658218268,15308782,1,1,1,1,32,1
1658218266,216473073,1,1,1,17,0,1
1658218466,37521,1,1,1,1,13,3
1642540077,35196898,1,0,0,27,0,0
1658218460,653046029,1,1,1,21,8,3
1658218327,2515976231,1,1,1,8,3,7
1658217964,129103849,1,1,1,20,0,0
1658218203,1057009034,1,1,1,25,1,0
1658218438,82334007,1,1,1,14,31,2
1658218433,214146056,1,1,1,22,4,1
1658218385,85008390,1,1,1,40,27,4
1658218316,216039437,1,1,1,2,4,19
1658218420,215495494,1,1,1,44,0,1
1658218364,43155320,1,1,1,44,2,1
1658218480,129130397,1,1,1,14,5,1
1658218342,653129412,1,1,1,24,1,4
1658217964,54000634,1,1,1,14,5,6
1658218458,419381597,1,1,1,30,15,4
1658218226,54000548,1,1,1,3,23,4
1658218457,54000466,1,1,1,4,18,7
1658218412,426772876,1,1,1,23,4,4
1658218271,74620630,1,1,1,26,0,0
1658218349,129091653,1,1,1,27,2,4
1658218430,100905057,1,1,1,17,1,5
1658218242,129134084,1,1,1,13,10,2
1658218468,210754072,1,1,1,23,7,4
1658218470,419991048,1,1,1,0,24,25
1658218293,2820744873,1,1,1,27,0,1
1658218352,213676825,1,1,1,1,30,18
1658217955,15299574,1,1,1,40,4,4
1658218365,41566122,1,1,1,40,8,4
1658218461,963786819,1,1,1,30,0,0
1658218018,427678168,1,1,1,40,1,3
1658218404,976762284,1,1,1,7,3,16
1658218102,213686196,1,1,1,12,1,5
1658218468,11004671601,1,1,1,17,5,3
1658218474,27414601,1,1,1,16,15,11
1658218357,129036192,1,1,1,11,1,1
1658218344,82421013,1,1,1,24,5,5
1658218412,434419150,1,1,1,0,24,12
1658218399,252339799,1,1,1,1,16,11
1658218045,224589573,1,1,1,18,0,0
1658218478,220502135,1,1,1,18,14,3
1658218480,129114993,1,1,1,31,1,0
1658218017,129124069,1,1,1,20,0,1
1658218451,221094844,1,1,1,0,15,6
1658218360,220726050,1,1,1,44,8,2
1658218413,254224239,1,1,1,59,4,0
1658218441,1805401614,1,1,1,1,19,7
1658218281,129116697,1,1,1,19,0,0
1658218012,977409509,1,1,1,34,1,3
1658218404,653055049,1,1,1,29,2,2
1658217975,221041655,1,1,1,53,1,2
1658218482,1057769632,1,1,1,11,10,5
1658218372,1333959209,1,1,1,14,2,3
1658218306,213690256,1,1,1,44,1,0
1658218239,476183970,1,1,1,37,1,0
1658218321,632007124,1,1,1,22,2,12
1658218370,977206088,1,1,1,12,14,4
1658218445,213868408,1,1,1,8,13,8
1658218477,129061615,1,1,1,0,21,11
1658218239,43165673,1,1,1,33,1,4
1658218454,82381710,1,1,1,12,0,2
1658218358,224598098,1,1,1,16,30,3
1658217913,10968855,1,1,1,16,0,2
1658218446,82508970,1,1,1,17,5,3
1658218042,653055097,1,1,1,21,0,1
1658218005,221038698,1,1,1,18,3,5
1658218426,27246227,1,1,1,23,0,0
1658218433,63297,1,1,1,16,5,0
1658217915,95927849,1,1,1,22,1,1
1658217895,102341385,1,1,1,11,1,11
1658218474,54000605,1,1,1,37,1,1
1658218338,979059925,1,1,1,26,0,2
1658218302,6512,1,1,1,15,0,0
1658218230,27363323,1,1,1,1,12,19
1658218311,85118872,1,1,1,37,0,0
1658218330,102289046,1,1,1,19,0,2
1658218190,124402232,1,1,1,40,0,0
1658218450,985086307,1,1,1,20,0,3
1658218054,27415327,1,1,1,24,1,1
1658218474,100798076,1,1,1,8,10,2
1658218461,15298647,1,1,1,29,3,4
1658218137,1063404053,1,1,1,18,1,1
1613034881,76199110,1,0,0,0,0,0
1658217996,54000598,1,1,1,21,1,3
1658218460,2515829865,1,1,1,9,6,6
1658218047,989753852,1,1,1,20,0,0
1658218459,990000217,1,1,1,1,11,3
1658218404,121025345,1,1,1,9,1,3
1658218376,213692714,1,1,1,22,0,1
1658218399,82577019,1,1,1,21,5,4
1658218410,39256416,1,1,1,44,2,1
1658218310,255207155,1,1,1,18,1,1
1658218157,63769334,1,1,1,34,1,3
1658218146,129136818,1,1,1,19,1,3
1658218449,37936869,1,0,0,35,0,0
1658217990,27415469,1,1,1,23,0,0
1658218473,39599631,1,1,1,9,5,9
1658218419,84979504,1,1,1,2,18,5
1658218322,85120104,1,1,1,14,0,1
1658218305,653059015,1,1,1,28,1,1
1658218465,101748685,1,1,1,32,10,0
1658218433,54000608,1,1,1,37,8,7
1658218235,653080986,1,1,1,7,0,0
1658218054,102743096,1,1,1,20,1,5
1658218405,66491394,1,1,1,39,2,1
1658218349,126175087,1,1,1,20,2,1
1658218322,101746493,1,1,1,43,5,4
1658218452,27363137,1,1,1,9,10,3
1658218449,339797666,1,1,1,16,3,5
1658218395,1968156458,1,1,1,6,26,2
1658218029,82404497,1,1,1,30,2,1
1658218418,991351798,1,1,1,15,3,5
1658218395,7304,1,1,1,2,4,8
1658218465,54000592,1,1,1,6,26,3
1658218379,54000572,1,1,1,12,7,1
1658218417,15409531,1,1,1,2,6,8
1658218193,29327,1,1,1,4,7,10
1658218425,36298,1,1,1,9,2,3
1658218128,37903195,1,1,1,21,1,4
1658217940,102313219,1,1,1,30,2,2
1658218350,100906707,1,1,1,29,11,0
1658218358,624177860,1,1,1,41,4,4
1658218155,66491407,1,1,1,21,0,0
1658218369,27369223,1,1,1,10,2,3
1658218465,102336814,1,1,1,1,12,3
1658218461,484423835,1,1,1,10,7,7
1658218467,54000618,1,1,1,16,2,0
1658218481,653059879,1,1,1,19,8,12
1658218298,210583589,1,1,1,26,0,4
1658218439,653050378,1,1,1,4,18,10
1658218139,15291968,1,1,1,13,1,0
1658218216,126354477,1,1,1,12,1,5
1658218475,15387809,1,1,1,41,10,11
1658218437,1002059045,1,1,1,3,17,6
1658218431,1002738770,1,1,1,7,14,5
1658218350,100918666,1,1,1,18,1,2
1658218396,213987795,1,1,1,3,19,17
1658218401,15397468,1,1,1,2,42,3
1658218214,129101773,1,1,1,38,0,4
1658217903,84966359,1,1,1,24,1,0
1658218441,42908639,1,1,1,27,0,1
1658218464,125469898,1,1,1,33,0,0
1658218408,35137730,1,1,1,24,25,1
1658218242,52329,1,1,1,33,1,3
1658218463,42499285,1,1,1,24,10,8
1658218480,85162552,1,1,1,22,17,5
1655504532,88235134,1,0,0,1,0,1
1658218473,2515738489,1,1,1,20,0,0
1658218275,256561528,1,1,1,12,26,3
1658218093,452920451,1,1,1,19,1,3
1658218042,37920,1,1,1,20,8,5
1658218214,54000588,1,1,1,56,2,8
1658218463,1020700136,1,1,1,16,2,1
1658218248,100855693,1,1,1,20,2,4
1658218254,54000549,1,1,1,1,6,7
1658218334,54000586,1,1,1,31,0,1
1658218240,102304517,1,1,1,43,0,2
1658218307,128889359,1,1,1,35,4,0
1658218335,54000546,1,1,1,26,3,3
1658218279,129042700,1,1,1,55,3,1
1658218309,101761298,1,1,1,2,24,19
1658218380,912377361,1,1,1,30,11,0
1658218402,256124192,1,1,1,39,0,1
1658218452,27364581,1,1,1,18,4,3
1658218351,653127524,1,1,1,17,6,7
1658218091,2515686699,1,1,1,23,0,2
1658218471,210737808,1,1,1,21,0,2
1658218469,259977414,1,1,1,12,6,2
1658217984,82568336,1,1,1,21,2,2
1658218360,1021176825,1,1,1,9,8,4
1658218068,54000611,1,1,1,23,1,1
1658218133,66491408,1,1,1,29,0,2
1658218266,100872260,1,1,1,32,6,1
1658218260,36151,1,1,1,0,7,9
1658218482,213848056,1,1,1,5,46,3
1658218443,452936197,1,1,1,32,21,5
1658218109,54000545,1,1,1,44,18,1
1658218326,66505511,1,1,1,1,16,11
1658218071,224256188,1,1,1,26,2,0
1658218371,66491386,1,1,1,20,26,9
1658218115,1023083417,1,1,1,15,2,2
1658218073,54000539,1,1,1,29,2,2
1658218371,1025995767,1,1,1,3,11,6
1658218447,101490103,1,1,1,17,4,2
1658218478,82432573,1,1,1,23,14,11
1658218409,1021553839,1,1,1,34,0,1
1658218458,54000541,1,1,1,26,2,1
1658218195,653065577,1,1,1,28,1,0
1658218095,1034242363,1,1,1,25,3,5
1658217985,335780498,1,1,1,14,11,7
1658218369,256403519,1,1,1,18,1,2
1658218292,484387018,1,1,1,26,0,2
1658218356,544249939,1,1,1,43,5,1
1658218432,1035816937,1,1,1,23,3,1
1658218134,66507229,1,1,1,15,5,5
1658218478,27415012,1,1,1,19,34,13
1658217985,263610599,1,1,1,43,0,1
1658218263,49772483,1,1,1,18,0,0
1658218338,653066427,1,1,1,19,6,1
1658218109,129089749,1,1,1,30,1,0
1658218465,100770878,1,1,1,15,6,1
1658218452,27415297,1,1,1,50,0,0
1658218232,54000607,1,1,1,13,5,1
1658218472,13283986,1,1,1,30,0,3
1658218367,100910836,1,1,1,40,2,2
1658218317,6515,1,1,1,6,18,5
1658218456,41523981,1,1,1,26,6,0
1658218435,1034247348,1,1,1,32,1,0
1658218227,39536951,1,1,1,20,11,1
1658218320,35089539,1,1,1,20,1,1
1658217900,27415169,1,1,1,16,5,1
1658218465,15412563,1,1,1,5,12,5
1658218252,30179848,1,1,1,27,0,0
1658218207,27363029,1,1,1,30,1,0
1658218469,484889494,1,1,1,8,13,3
1658218455,27363256,1,1,1,1,7,15
1658218405,100902274,1,1,1,2,13,21
1658218417,15414455,1,1,1,30,1,3
1658218396,27415285,1,1,1,4,11,8
1658218337,78348185,1,1,1,43,6,1
1658218464,36003,1,1,1,19,3,0
1658218360,27415215,1,1,1,24,0,1
1658218456,263732151,1,1,1,28,5,0
1658218177,1036199130,1,1,1,2,8,11
1658218471,129161858,1,1,1,20,8,4
1658218260,653035822,1,1,1,6,11,10
1658218343,27414460,1,1,1,0,17,16
1658218307,76488849,1,1,1,2,28,6
1658218479,66505513,1,1,1,2,12,14
1658218236,129050965,1,1,1,11,5,1
1658218400,66491368,1,1,1,41,6,1
1658218300,82419429,1,1,1,26,10,4
1658218481,349750111,1,1,1,17,8,4
1658218472,52453,1,1,1,25,0,0
1658218387,210389577,1,1,1,2,8,7
1658218407,15401095,1,1,1,31,11,2
1658218370,1055553396,1,1,1,12,2,0
1658218444,210394523,1,1,1,23,7,3
1658218437,1036226943,1,1,1,13,4,14
1658218471,1056959071,1,1,1,24,13,2
1658218401,60667075,1,1,1,1,7,14
1658218329,66491371,1,1,1,17,11,1
1658218397,486833337,1,1,1,2,20,11
1658218379,1055541632,1,1,1,23,15,2
1658218454,75313725,1,1,1,19,8,3
1658218362,606669250,1,1,1,28,6,3
1658218350,653069115,1,1,1,32,0,2
1658218460,15383032,1,1,1,0,26,13
1658218175,54000561,1,1,1,26,3,0
1658218470,54001190,1,1,1,27,0,0
1658218138,460558111,1,1,1,16,1,0
1658218387,82569809,1,1,1,19,3,0
1658218126,11851037297,1,1,1,29,0,3
1658218283,266052390,1,1,1,27,0,1
1658218048,37952191,1,1,1,27,2,2
1658218470,34300292,1,1,1,2,14,8
1658218049,82554786,1,1,1,26,1,3
1658218180,268976295,1,1,1,31,1,0
1658218446,27415444,1,1,1,27,0,2
1658218482,84983562,1,1,1,44,0,6
1658218137,129081441,1,1,1,17,3,1
1658218457,653073004,1,1,1,11,27,9
1658218369,1056986761,1,1,1,7,32,14
1658218342,41610121,1,1,1,0,25,1
1658218420,82566934,1,1,1,52,1,0
1658218475,128936618,1,1,1,2,22,11
1658218378,35106544,1,1,1,49,4,1
1658218340,267976590,1,1,1,19,30,15
1658218101,1056965116,1,1,1,45,2,3
1658218468,54000630,1,1,1,18,6,1
1658218442,54000567,1,1,1,27,2,4
1658218123,1599921040,1,1,1,29,0,1
1658218096,129096696,1,1,1,13,0,0
1658218457,82590367,1,1,1,14,37,4
1658218462,82573931,1,1,1,26,8,3
1658218236,82436057,1,1,1,17,4,1
1658218447,43219958,1,1,1,34,1,4
1658218465,269953055,1,1,1,0,19,9
1658218436,82448637,1,1,1,32,5,9
1658218346,271540743,1,1,1,19,4,2
1658218294,452347778,1,1,1,16,3,1
1658217998,13372702,1,1,1,32,0,1
1658218328,1599931563,1,1,1,23,5,1
1658218128,15411223,1,1,1,20,2,2
1658218455,85152599,1,1,1,32,9,5
1658218373,284711589,1,1,1,15,3,0
1658218456,30550,1,1,1,0,17,7
1658218134,478593396,1,1,1,13,1,3
1658218458,213675430,1,1,1,5,38,5
1658218435,462875227,1,1,1,0,10,13
1658218258,213693126,1,1,1,22,0,0
1658218482,363735875,1,1,1,1,11,3
1658218437,265266148,1,1,1,16,1,4
1658218349,357491025,1,1,1,20,1,1
1658218336,457713145,1,1,1,32,2,8
1658218396,392576677,1,1,1,7,7,8
1658218480,66491406,1,1,1,44,1,2
1658218468,338853596,1,1,1,0,15,11
1658218231,1056995858,1,1,1,26,1,1
1658218453,27414924,1,1,1,21,0,0
1658218468,390075668,1,1,1,5,28,4
1658218343,54000550,1,1,1,0,23,6
1658218347,1056972307,1,1,1,43,2,4
1658218339,653217067,1,1,1,15,1,2
1658218249,1109534105,1,1,1,18,0,2
1658218459,124390478,1,1,1,13,3,1
1658218471,365181481,1,1,1,51,0,1
1658218468,653076373,1,1,1,28,7,0
1653895841,11851327865,0,0,0,30,0,0
1658218171,52456,1,1,1,26,0,2
1658218341,15310509,1,1,1,15,2,0
1658218230,275968458,1,1,1,53,4,1
1658218476,213995665,1,1,1,24,3,1
1658218139,1056979685,1,1,1,24,0,1
1658218310,128928526,1,1,1,12,1,2
1658218458,27415123,1,1,1,21,6,0
1658218411,287096529,1,1,1,1,22,19
1658218367,97705710,1,1,1,34,3,2
1658217971,13242682,1,1,1,23,8,0
1658218401,278576043,1,1,1,14,1,2
1658218427,213695073,1,1,1,32,0,1
1658218316,284708999,1,1,1,16,14,7
1658218368,653079520,1,1,1,11,3,4
1658136341,653076393,1,1,1,8,13,13
1658218086,129069108,1,1,1,35,2,2
1597371137,213936755,1,0,0,49,0,0
1658218356,30641281,1,1,1,13,8,0
1658218171,54000593,1,1,1,10,12,18
1658218480,27362949,1,1,1,30,0,1
1658218087,1057003116,1,1,1,21,9,0
1658218181,285726279,1,1,1,24,0,0
1652035916,41587607,1,0,0,30,0,0
1658218408,285454061,1,1,1,15,0,0
1658218344,213686471,1,1,1,23,0,1
1658218222,7261,1,1,1,0,10,9
1658218327,291354793,1,1,1,1,40,7
1658218440,213685863,1,1,1,1,36,14
1658218375,653062048,1,1,1,24,0,0
1658218401,1062812659,1,1,1,35,20,2
1658217901,653079135,1,1,1,10,2,2
1658218386,38319086,1,1,1,31,0,4
1658218418,653129435,1,1,1,10,3,3
1658218466,221032834,1,1,1,39,5,4
1658218306,124622630,1,1,1,35,0,1
1658218475,594942659,1,1,1,18,1,0
1658218411,96512532,1,1,1,2,12,4
1658218261,362178041,1,1,1,2,17,9
1658218473,100783424,1,1,1,15,44,5
1658218272,27415524,1,1,1,7,9,7
1658218475,422639331,1,1,1,8,9,12
1658218479,1057061349,1,1,1,27,1,1
1658217947,292871105,1,1,1,21,0,0
1658218226,38280,1,1,1,10,1,6
1658218471,653125838,1,1,1,1,15,12
1658218239,476053320,1,1,1,24,1,1
1658218204,129121741,1,1,1,48,0,0
1658218418,404947652,1,1,1,13,16,2
1658218463,129142199,1,1,1,27,2,0
1658218272,210584503,1,1,1,10,2,0
1658218360,42541542,1,1,1,32,0,1
1658218473,27363558,1,1,1,24,2,1
1658217923,214109662,1,1,1,19,0,1
1658218411,653122771,1,1,1,3,19,1
1658218440,35147530,1,1,1,17,5,1
1658218315,1057081237,1,1,1,21,0,2
1658218384,101756482,1,1,1,40,5,1
1658217967,1057179405,1,1,1,25,1,2
1658218270,653135400,1,1,1,0,16,9
1658218278,213689228,1,1,1,29,7,6
1658218381,409364001,1,1,1,15,2,1
1658218369,129079313,1,1,1,29,9,3
1658218394,129135654,1,1,1,6,17,3
1658218448,653080383,1,1,1,0,36,11
1658218317,1057039016,1,1,1,11,5,4
1658218466,1057045129,1,1,1,13,21,5
1658218446,1190800638,1,1,1,2,15,5
1658218336,302725495,1,1,1,50,1,0
1658218437,303102719,1,1,1,9,1,1
1658218479,27363277,1,1,1,32,3,3
1658218472,6295,1,1,1,9,6,5
1658218475,303452950,1,1,1,18,4,12
1658218267,54000617,1,1,1,17,1,2
1526880629,213691137,1,0,0,30,0,0
1658218448,653131074,1,1,1,12,3,10
1658218257,308082350,1,1,1,0,9,6
1658218254,653126035,1,1,1,3,7,10
1658218183,36473,1,0,0,12,1,0
1658218481,210745258,1,1,1,43,1,2
1658218183,37921892,1,1,1,17,4,3
1658218016,457834134,1,1,1,20,2,5
1658218371,653123610,1,1,1,26,5,2
1658218460,35101194,1,1,1,5,20,4
1658218051,54000615,1,1,1,27,2,1
1658218202,135806005,1,1,1,13,0,4
1658218309,66491395,1,1,1,26,8,2
1658218327,653135378,1,1,1,34,1,1
1658218187,54000562,1,1,1,26,1,3
1658218406,402212574,1,1,1,8,9,11
1658218448,1057184567,1,1,1,31,1,1
1658218275,1057319366,1,1,1,2,15,9
1658218443,34235349,1,1,1,16,6,6
1658218420,210751059,1,1,1,14,0,2
1658218417,1057203651,1,1,1,1,18,23
1658218292,453172172,1,1,1,9,1,3
1658218015,478385490,1,1,1,25,2,2
1658218007,102326776,1,1,1,23,0,0
1658218162,213706622,1,1,1,21,0,0
1658218319,213686749,1,1,1,33,0,3
1658218446,1057302263,1,1,1,12,5,1
1658218145,82572699,1,1,1,24,0,2
1658218336,311552027,1,1,1,39,3,1
1658218365,27269170,1,1,1,13,5,2
1658218384,82550543,1,1,1,26,22,3
1658218470,82375611,1,1,1,42,2,0
1658218239,443402852,1,1,1,45,2,1
1658218253,1062162270,1,1,1,4,8,7
1658218247,38192,1,1,1,24,8,2
1658218467,84958519,1,1,1,10,13,8
1658218403,559980654,1,1,1,0,14,9
1658217888,213952930,1,0,0,30,0,0
1658218375,458086607,1,1,1,5,11,11
1658218206,7247,1,1,1,20,2,0
1658218025,653081846,1,1,1,28,1,1
1658218344,213689815,1,1,1,26,6,3
1658218332,443198808,1,1,1,26,6,3
1658218476,620676855,1,1,1,6,11,5
1658218409,98187918,1,1,1,30,23,2
1658218087,13191324,1,1,1,32,0,1
1658218294,210738704,1,1,1,14,5,5
1658218399,102745622,1,1,1,2,24,2
1658218204,213999554,1,1,1,18,2,0
1658218359,213677219,1,1,1,6,12,2
1658218404,6294,1,1,1,2,17,2
1658218363,85155919,1,1,1,29,1,1
1658218202,1062238429,1,1,1,5,11,1
1658218337,369011098,1,1,1,19,0,2
1658218443,102343591,1,1,1,12,7,12
1658218425,27415150,1,1,1,21,0,0
1658218136,82565383,1,1,1,43,2,0
1658218214,653134004,1,1,1,24,0,2
1658218366,27415246,1,1,1,7,29,5
1658218339,389788858,1,1,1,60,12,0
1658218074,1056947780,1,1,1,30,0,0
1658218440,38327,1,1,1,33,3,4
1658218470,100925033,1,1,1,12,27,6
1658218243,109609241,1,1,1,5,25,2
1658218360,101491821,1,1,1,37,1,0
1658218478,82562496,1,1,1,15,4,0
1658218333,235197110,1,1,1,16,27,3
1658218465,417088374,1,1,1,3,28,7
1658217949,129145892,1,1,1,41,3,2
1658218366,439750210,1,1,1,21,0,4
1658218441,82584215,1,1,1,2,37,21
1658218442,42720305,1,1,1,27,3,8
1658218061,653205656,1,1,1,11,7,8
1658218174,653147618,1,1,1,24,1,1
1658218367,335989765,1,1,1,37,9,2
1658218392,417623119,1,1,1,20,0,0
1658218359,54000632,1,1,1,4,14,14
1658217944,428088564,1,1,1,22,1,1
1658218223,365886904,1,1,1,34,1,1
1658218420,85015750,1,1,1,29,4,5
1658218039,27064639,1,1,1,14,3,4
1658218482,102722579,1,1,1,0,18,8
1658218376,653083263,1,1,1,0,26,13
1658218108,39151458,1,1,1,16,0,2
1658218410,213682190,1,1,1,36,3,4
1658218010,468354634,1,1,1,28,1,1
1658218071,379063990,1,1,1,21,0,0
1658218013,221036108,1,1,1,44,0,2
1658218207,213692227,1,1,1,24,7,4
1658218345,75641607,1,1,1,21,5,6
1658218332,653137566,1,1,1,32,0,1
1658218270,213674686,1,1,1,31,2,3
1658218323,38522,1,1,1,19,1,1
1658218471,488889101,1,1,1,19,3,9
1658218471,653083675,1,1,1,16,0,4
1658218327,266422568,1,1,1,17,3,3
1658218466,488872892,1,1,1,34,5,2
1658218384,488800137,1,1,1,1,9,16
1658218448,1057730786,1,1,1,3,15,1
1658218471,131094294,1,1,1,16,10,3
1658218432,129016495,1,1,1,1,33,18
1658218310,1057335613,1,1,1,0,14,16
1658218404,491687415,1,1,1,10,9,3
1658218179,39202840,1,1,1,15,1,0
1658218047,653141822,1,1,1,6,9,5
1658217960,488980540,1,1,1,32,1,1
1658218194,54000599,1,1,1,23,0,1
1658218436,1057221951,1,1,1,5,19,2
1658218251,653137567,1,1,1,7,14,1
1658218395,54000600,1,1,1,28,1,3
1658218395,82455731,1,1,1,56,5,0
1658218420,15212034,1,1,1,16,1,2
1658218311,494183852,1,1,1,37,1,0
1658218444,1057399900,1,1,1,16,4,4
1658218433,559595472,1,1,1,5,10,7
1658218438,210395439,1,1,1,21,3,2
1658218364,491932748,1,1,1,38,0,1
1658218456,1057329581,1,1,1,8,9,6
1658218414,1057378487,1,1,1,15,3,2
1658218261,1057737444,1,1,1,38,9,4
1658217990,82336035,1,1,1,13,3,1
1658218480,1314450240,1,1,1,2,11,2
1658218103,2515636592,1,1,1,13,5,0
1658218466,255322397,1,1,1,21,3,2
1658218367,653139063,1,1,1,32,16,3
1658218402,1057091571,1,1,1,0,16,10
1658218272,210582231,1,1,1,12,12,1
1658218336,653087180,1,1,1,26,0,4
1656114400,583171360,1,0,0,30,0,0
1658218468,312870435,1,1,1,9,0,0
1658218315,1057354004,1,1,1,1,23,2
1658218373,129106450,1,1,1,34,0,0
1658218383,1057405802,1,1,1,22,1,6
1658218203,27414544,1,1,1,20,0,1
1658218170,213894629,1,1,1,40,2,1
1658218280,100923502,1,1,1,7,7,3
1658218213,129059516,1,1,1,43,1,0
1658218283,1227051850,1,1,1,24,12,3
1658218366,1057748427,1,1,1,36,5,2
1658218460,285001735,1,1,1,2,19,18
1658218384,54000560,1,1,1,3,4,11
1658217972,1062742831,1,1,1,30,6,1
1658218094,101017160,1,1,1,24,5,2
1658218465,100933541,1,1,1,25,1,1
1658218466,36391,1,1,1,2,4,15
1658217923,100934967,1,1,1,31,2,0
1658218480,437741660,1,1,1,19,16,7
1658218386,1062783107,1,1,1,20,8,2
1658218470,15309045,1,1,1,13,1,1
1658218340,653086121,1,1,1,25,2,5
1658218470,653139897,1,1,1,15,0,11
1658218480,476155906,1,1,1,15,7,2
1658218347,101011685,1,1,1,16,5,2
1658218462,27415547,1,1,1,24,0,1
1658218345,54000543,1,1,1,4,18,7
1613934558,1015246367,1,0,0,25,0,0
1658218449,284787594,1,1,1,30,5,3
1658218471,1057765913,1,1,1,29,7,1
1658218479,1062704564,1,1,1,26,6,5
1658218179,221043930,1,1,1,35,0,1
1658218425,1057234527,1,1,1,13,14,13
1658218368,49498164,1,1,1,1,2,11
1658218133,76121343,1,1,1,12,0,0
1658218241,1057072168,1,1,1,19,2,2
1658218455,1062685145,1,1,1,1,10,6
1658218462,1056715831,1,1,1,12,6,3
1658218047,101742129,1,1,1,36,0,1
1658218414,1057360420,1,1,1,24,0,1
1658218155,49117995,1,1,1,14,0,2
1658218119,214119792,1,1,1,3,14,3
1658218330,1057366813,1,1,1,19,6,7
1658218454,37504995,1,1,1,7,21,4
1658218224,131908132,1,1,1,18,0,0
1658218469,27363337,1,1,1,25,5,2
1658218270,125811629,1,1,1,12,19,13
1658218234,102307005,1,1,1,20,0,3
1658218440,1057753858,1,1,1,18,14,1
1658218442,452341449,1,1,1,23,1,1
1658218467,54000590,1,1,1,42,4,0
1658218434,6298,1,1,1,21,0,0
1658218478,27359295,1,1,1,4,11,14
1658218411,54000587,1,1,1,28,0,3
1658218417,81212212,1,1,1,19,2,1
1658218122,653087914,1,1,1,23,2,2
1658218399,41219552,1,1,1,16,6,1
1658218386,101738550,1,1,1,17,1,2
1658217985,54000622,1,1,1,25,2,1
1658218480,82339935,1,1,1,24,4,7
1658218168,27414713,1,1,1,19,5,3
1658218470,54000564,1,1,1,16,10,2
1658218307,13912564,1,1,1,4,17,4
1658218402,42907187,1,1,1,23,1,1
1658218432,58311330,1,1,1,20,1,2
1658218377,100967498,1,1,1,35,9,3
1658218474,39149651,1,1,1,15,26,9
1658218043,43247025,1,1,1,14,1,1
1658218433,70903158,1,1,1,14,6,4
1658217976,37879071,1,1,1,31,1,1
1658218448,41464928,1,1,1,57,3,1
1658218416,54000619,1,1,1,32,1,0
1658218252,38060,1,1,1,31,7,4
1658218423,101008598,1,1,1,39,1,1
1658218414,82332239,1,1,1,29,5,2
1658218318,75525462,1,1,1,41,3,0
1658218432,15462861,1,1,1,20,6,5
1658218434,95845524,1,1,1,12,4,1
1658218408,38407,1,1,1,35,2,2
1658218360,82554449,1,1,1,50,9,1
1658218457,39535340,1,1,1,1,27,2
1658218358,1062797394,1,1,1,0,21,4
1658218146,54000570,1,1,1,36,0,0
1658218216,1062256852,1,1,1,12,4,4
1658217918,1057373549,1,1,1,2,12,8
1658218435,653089942,1,1,1,9,10,2
1658218420,128841079,1,1,1,3,21,12
1658218332,220504949,1,1,1,18,9,4
1658218111,15308712,1,1,1,21,0,1
1658218191,7295,1,1,1,14,0,1
1658218477,27296946,1,1,1,1,10,16
1658218084,653143563,1,1,1,29,1,0
1658218459,443153677,1,1,1,27,5,4
1658218430,265201872,1,1,1,42,7,3
1658218237,66505510,1,1,1,58,2,3
1658218434,66491391,1,1,1,31,0,1
1658218286,1062245074,1,1,1,5,17,3
1658218329,201923447,1,1,1,20,11,6
1658218446,9931940126,1,1,1,33,3,2
1658218384,1057758764,1,1,1,35,0,2
1658218435,653144717,1,1,1,14,4,3
1658218361,42275164,1,1,1,32,3,1
1658218234,125623876,1,1,1,15,1,3
1658218398,85031184,1,1,1,46,3,2
1658218446,97824043,1,1,1,7,12,1
1658218367,66491379,1,1,1,12,0,0
1658218285,39169029,1,1,1,23,0,0
1658218465,35600927,1,1,1,33,2,0
1658217973,100868590,1,1,1,2,18,4
1658218385,54000616,1,1,1,27,2,1
1658218476,27364642,1,1,1,25,1,1
1658218455,66491381,1,1,1,30,1,0
1658218261,49094984,1,1,1,32,2,1
1658218436,77773,1,1,1,27,0,0
1658218424,15463487,1,1,1,22,1,3
1658218100,52518,1,1,1,21,0,1
1658218479,1062874070,1,1,1,36,3,0
1658218423,82574198,1,1,1,15,15,10
1658218125,30730,1,1,1,30,2,2
1658218106,27415389,1,1,1,29,0,0
1658217934,1062802530,1,1,1,7,7,2
1658218442,653091206,1,1,1,30,7,1
1658218384,653042678,1,1,1,25,0,0
1658218422,75345531,1,1,1,8,6,1
1658218335,66505516,1,1,1,22,20,2
1658218325,49341735,1,1,1,34,2,3
1658218275,15309674,1,1,1,19,1,1
1658218073,66491367,1,1,1,2,6,6
1658218065,129023855,1,1,1,20,0,4
1658218459,54000554,1,1,1,21,7,3
1658218000,27414902,1,1,1,18,0,2
1658218481,2515672078,1,1,1,21,1,0
1658218389,35317080,1,1,1,17,0,2
1658217911,27415179,1,1,1,19,0,3
1658218430,653146273,1,1,1,7,14,0
1658218481,1062882947,1,1,1,20,0,1
1658218441,653091677,1,1,1,8,8,7
1658218289,35472299,1,1,1,6,2,4
1658218159,1805255023,1,1,1,1,15,14
1658218336,66489651,1,1,1,1,20,11
1658218319,1057207064,1,1,1,8,3,13
1658218396,39626277,1,1,1,2,10,3
1658218471,213687475,1,1,1,10,3,8
1658218172,1062982815,1,1,1,16,1,2
1658218431,128890772,1,1,1,9,13,3
1658218471,266963426,1,1,1,41,6,3
1658217925,7268,1,1,1,26,0,2
1658218143,1237624420,1,1,1,29,0,1
1658218342,129152818,1,1,1,13,0,7
1658218448,27313492,1,1,1,1,23,4
1658218462,338824395,1,1,1,9,5,2
1658218357,128932790,1,1,1,15,5,9
1658218480,100760396,1,1,1,20,8,1
1658218292,210585225,1,1,1,19,1,0
1658218351,82396562,1,1,1,13,3,3
1658218385,312165511,1,1,1,22,6,5
1658218424,262607058,1,1,1,16,7,10
1658157404,1074095810,1,1,1,21,0,1
1658218416,128880156,1,1,1,16,6,1
1658218446,27415411,1,1,1,19,4,0
1658218397,210387163,1,1,1,21,5,4
1658217903,653150828,1,1,1,9,7,2
1658218392,443654970,1,1,1,32,3,1
1658218462,1063971944,1,1,1,29,0,0
1658218010,15153595,1,1,1,31,1,0
1658218200,54000465,1,1,1,18,6,3
1658218109,471094898,1,1,1,21,2,0
1658218416,66499894,1,1,1,25,4,1
1658218429,100759356,1,1,1,2,9,5
1658218079,1062911162,1,1,1,27,0,1
1658218478,42341698,1,1,1,3,26,13
1658218254,653187900,1,1,1,34,2,2
1658218450,128874528,1,1,1,4,8,5
1658218371,1062827573,1,1,1,29,0,0
1658218363,54000542,1,1,1,25,2,1
1658218361,1074187051,1,1,1,19,6,1
1658218257,331153695,1,1,1,7,13,4
1658218449,1074142878,1,1,1,9,2,9
1658218344,11874261013,1,1,1,1,10,7
1658217997,213680246,1,1,1,34,0,1
1658218461,1064000778,1,1,1,7,37,10
1658218126,1074060095,1,1,1,27,1,0
1658218480,1057290902,1,1,1,39,2,2
1658218201,80419347,1,1,1,5,14,7
1658218462,1063000561,1,1,1,18,0,1
1658218348,213680553,1,1,1,51,1,0
1658218026,1063012692,1,1,1,7,4,8
1658218449,54000538,1,1,1,19,8,2
1658218373,82499609,1,1,1,8,24,4
1658218383,1064008882,1,1,1,18,0,1
1658218389,653152142,1,1,1,14,5,0
1658218459,129029327,1,1,1,1,10,8
1658218369,1063429705,1,1,1,16,3,4
1658218309,478250062,1,1,1,0,11,13
1658218126,1062833975,1,1,1,34,0,0
1658218401,11908510683,1,1,1,8,14,3
1658218314,2515756572,1,1,1,30,0,3
1658218442,1063410400,1,1,1,11,1,10
1658218475,80298493,1,1,1,12,7,6
1658218026,98132679,1,1,1,46,0,3
1658218116,96608796,1,1,1,21,2,3
1658218385,58391194,1,1,1,23,3,1
1658218429,1396728955,1,1,1,20,2,1
1658218459,128878135,1,1,1,23,1,1
1658089182,48800374,1,0,0,7,4,3
1658218467,1063044618,1,1,1,8,18,2
1658218361,1063421211,1,1,1,38,1,1
1658218448,569583918,1,1,1,0,21,23
1658217957,129083553,1,1,1,18,9,4
1658218473,1074204954,1,1,1,1,21,5
1658218412,100767550,1,1,1,37,6,0
1658218164,1074333296,1,1,1,32,9,0
1658218327,11908496227,1,1,1,18,4,2
1658218363,54000537,1,1,1,8,7,1
1658218408,653094517,1,1,1,27,6,7
1658218477,1063984816,1,1,1,18,0,0
1658218415,442739463,1,1,1,7,2,9
1658218440,380891087,1,1,1,24,6,4
1658218377,49423507,1,1,1,1,38,13
1658218468,128834707,1,1,1,4,14,3
1658218344,78374110,1,1,1,0,13,2
1658218409,653097126,1,1,1,22,2,2
1658218368,391845823,1,1,1,23,0,2
1658218026,15433394,1,1,1,38,2,0
1658218335,653140345,1,1,1,19,0,5
1658218377,15290700,1,1,1,16,3,2
1658218387,276989966,1,1,1,3,8,7
1658217861,2515885093,1,1,1,1,13,16
1658218355,54001189,1,1,1,1,10,16
1658218104,653153519,1,1,1,3,6,11
1658218219,39887632,1,1,1,16,3,4
1658218236,581480367,1,1,1,64,3,0
1658218447,6293,1,1,1,2,12,14
1658218211,653072212,1,1,1,8,12,9
1658218377,128843085,1,1,1,11,12,5
1658218164,1063027377,1,1,1,21,1,3
1658218252,653085678,1,1,1,19,3,1
1658218433,6352,1,1,1,1,10,4
1658218338,120564786,1,1,1,3,25,30
1658218469,210386007,1,1,1,0,7,14
1658218479,6245,1,1,1,0,14,13
1658218271,1063053136,1,1,1,11,5,4
1658218473,27414358,1,1,1,2,4,11
1658218376,101751231,1,1,1,36,0,0
1658218179,1074339090,1,1,1,19,3,3
1658218295,1062844489,1,1,1,24,6,2
1658218082,54000596,1,1,1,30,1,3
1658218397,39169877,1,1,1,54,8,4
1658218380,653155159,1,1,1,11,3,7
1658218086,653099465,1,1,1,17,6,7
1658218304,323468705,1,1,1,4,13,5
1658218122,1810975577,1,1,1,14,8,7
1658218476,2705356759,1,1,1,8,7,12
1658218312,35380305,1,1,1,30,3,2
1658218256,100790494,1,1,1,17,3,3
1658218476,653040243,1,1,1,4,15,6
1658218470,1063061372,1,1,1,26,2,6
1658218415,2705290225,1,1,1,21,9,0
1658218374,214019379,1,1,1,15,4,7
1658218378,82574979,1,1,1,21,3,2
1658218428,1599896463,1,1,1,20,1,1
1658218428,1987547083,1,1,1,9,1,20
1658218215,2705338817,1,1,1,13,6,3
1658218378,1074410417,1,1,1,24,1,3
1658218452,1074352578,1,1,1,23,0,2
1658218443,53999465,1,1,1,7,36,24
1658218165,653156540,1,1,1,30,1,4
1658218394,54000573,1,1,1,30,4,2
1658218224,210328645,1,0,0,19,0,0
1658218268,99886640,1,1,1,7,12,5
1658218370,129080400,1,1,1,20,2,1
1658218457,1981490798,1,1,1,9,11,3
1658218434,66491366,1,1,1,1,23,13
1658218134,6297,1,1,1,12,0,5
1658087321,653031913,1,0,0,19,0,0
1658218291,1074428106,1,1,1,14,10,5
1658218291,653102462,1,1,1,4,32,6
1658218420,1057210479,1,1,1,5,5,4
1658218429,27414527,1,1,1,0,13,5
1658218323,653092274,1,1,1,25,3,5
1658218350,208603342,1,1,1,0,10,10
1658218468,311153993,1,1,1,10,15,7
1658218475,632086890,1,1,1,2,16,7
1658218293,653104215,1,1,1,31,0,3
1658218049,54000557,1,1,1,20,0,0
1658218406,653110858,1,1,1,11,8,4
1658218474,653159330,1,1,1,18,7,3
1658218083,49424560,1,1,1,31,3,1
1658218477,653165196,1,1,1,5,16,5
1658218413,1074390359,1,1,1,4,20,4
1658218414,2002864789,1,1,1,1,9,5
1658218380,11146714746,1,1,1,16,7,5
1658218311,11146696292,1,1,1,12,14,4
1658218456,653107480,1,1,1,11,6,4
1658218473,1988517250,1,1,1,12,1,12
1658218235,74864208,1,1,1,25,2,1
1658218239,653166892,1,1,1,15,9,6
1658218395,653106960,1,1,1,3,27,7
1658218309,82468690,1,1,1,49,4,2
1658218369,54000536,1,1,1,1,22,11
1658218210,39565873,1,1,1,21,3,2
1658218419,1074398925,1,1,1,3,8,24
1658217883,12225158518,1,1,1,25,0,2
1658218279,12225289563,1,1,1,24,1,1
1658218385,567884788,1,1,1,0,11,11
1658218317,99950133,1,1,1,47,5,0
1658218314,549480297,1,1,1,0,16,6
1658218264,12196660096,1,1,1,28,0,1
1658218379,653175838,1,1,1,12,0,5
1658218469,84960402,1,1,1,16,19,1
1658217975,2515701705,1,1,1,18,0,2
1658218388,15550433574,1,1,1,28,0,10
1658218308,11218473640,1,1,1,21,1,2
1632509667,54000558,1,0,0,0,0,0
1658218426,653110492,1,1,1,20,7,0
1658218476,102339791,1,1,1,25,1,1
1658217902,52474,1,1,1,20,0,0
1658217956,486750405,1,1,1,18,3,1
1658218451,10773448319,1,1,1,5,8,14
1658218296,11438171152,1,1,1,13,1,8
1658218476,653046369,1,1,1,1,10,14
1658217953,125370566,1,1,1,18,0,0
1658218452,66491396,1,1,1,28,6,15
1658218468,102328355,1,1,1,17,2,1
1658218420,76352106,1,1,1,1,17,12
1658218062,653180903,1,1,1,19,11,5
1658218467,101015227,1,1,1,0,24,9
1658218425,74805344,1,1,1,0,9,21
1658218251,78124875,1,1,1,54,0,1
1658218446,54000578,1,1,1,24,3,4
1658218304,102724418,1,1,1,5,16,3
1658218474,102287315,1,1,1,11,28,3
1658218427,42950428,1,1,1,25,17,8
1658218419,100921894,1,1,1,10,6,1
1658218477,82429586,1,1,1,24,15,0
1658218383,37995,1,1,1,25,22,1
1658218451,653193536,1,1,1,13,2,5
1658218166,54000589,1,1,1,64,1,2
1658218146,74692052,1,1,1,32,0,1
1658218426,35080917,1,1,1,27,1,0
1658218391,89553051,1,1,1,15,3,2
1658218479,11218807773,1,1,1,11,31,3
1658218123,101759167,1,1,1,34,9,2
1658212936,37420,1,1,1,17,0,0
1658218238,27363058,1,1,1,20,0,3
1658218290,66491390,1,1,1,1,19,18
1658218415,653114003,1,1,1,10,6,9
1658218378,27363206,1,1,1,23,3,1
1658218024,54000591,1,1,1,32,5,0
1658218008,49791363,1,1,1,19,5,5
1658218019,7402,1,1,1,11,1,3
1658218336,75352635,1,1,1,7,10,8
1658218427,34836174,1,1,1,25,4,2
1658218260,6354,1,1,1,2,26,4
1628239218,16206842336,0,0,0,0,0,0
1658218444,101022698,1,1,1,6,24,5
1658218326,27415194,1,1,1,36,0,0
1658218243,54000624,1,1,1,19,0,1
1658218481,653114443,1,1,1,1,13,6
1658218439,74635382,1,1,1,21,12,2
1658218358,653190196,1,1,1,23,10,2
1658218225,27363156,1,1,1,19,1,1
1658218477,39776330,1,1,1,16,1,0
1658218395,54000594,1,1,1,26,0,1
1658218312,66491373,1,1,1,0,11,6
1658217920,66491409,1,1,1,17,0,3
1658218143,82583924,1,1,1,29,0,0
1658218421,124183944,1,1,1,45,5,2
1658218381,27363389,1,1,1,10,13,2
1658217971,653184632,1,1,1,32,1,0
1658218020,102751453,1,1,1,25,0,2
1628171945,16206691682,0,0,0,0,0,0
1658218371,35263507,1,1,1,8,13,2
1658218454,58086242,1,1,1,10,0,1
1658217988,82440673,1,1,1,49,0,1
1658218397,27399547,1,1,1,13,7,2
1658218423,54000610,1,1,1,50,12,5
1658218451,13356269,1,1,1,4,15,12
1658218121,54000583,1,1,1,33,0,1
1658217926,63279,1,1,1,11,4,1
1658218317,125918662,1,1,1,19,1,1
1658218096,15163771,1,1,1,20,8,1
1658218054,82571023,1,1,1,43,0,2
1658218480,100893610,1,1,1,11,38,8
1658218359,27363205,1,1,1,34,0,1
1658218165,653197206,1,1,1,5,8,11
1658218449,27415256,1,1,1,19,8,3
1658218480,101488317,1,1,1,27,1,4
1658218467,6497,1,1,1,12,2,6
1658218145,653118283,1,1,1,14,3,8
1658218452,117480156,1,1,1,5,18,17
1658218472,124167835,1,1,1,16,0,2
1658218200,74858883,1,1,1,29,2,1
1658218467,66491384,1,1,1,28,5,0
1658218403,102748267,1,1,1,18,0,5
1658218478,28233012,1,1,1,4,20,5
1658218393,27415371,1,1,1,34,0,1
1658217885,49829553,1,1,1,28,1,1
1658218450,128884445,1,1,1,2,38,23
1658218470,37848502,1,1,1,16,4,3
1658218452,54000552,1,1,1,0,26,4
1658218361,102752610,1,1,1,25,0,1
1658218428,82335295,1,1,1,19,6,3
1658218040,66491382,1,1,1,36,0,0
1658217950,124176568,1,1,1,12,1,3
1658217930,39882420,1,1,1,21,0,1
1658218391,27415360,1,1,1,6,9,3
1658218297,82588494,1,1,1,28,1,0
1658218021,125542925,1,1,1,35,0,2
1658218310,54000547,1,1,1,29,4,2
1658218482,82425449,1,1,1,49,1,1
1658218464,7234,1,1,1,0,28,1
1658218421,85160045,1,1,1,19,3,4
1658218086,35816213,1,1,1,29,1,3
1658218477,82408364,1,1,1,32,2,4
1658218138,653190279,1,1,1,3,15,1
1658218322,82551956,1,1,1,21,9,2
1658218457,66491372,1,1,1,3,30,25
1658218246,82413301,1,1,1,28,5,2
1658218335,80077998,1,1,1,14,1,1
1658218065,13248144,1,1,1,30,3,1
1658218421,54000568,1,1,1,45,0,3
1658218318,39311270,1,1,1,24,3,6
1658218399,54000631,1,1,1,11,7,6
1658218467,99840124,1,1,1,33,11,2
1658218007,54000623,1,1,1,25,0,1
1658218446,653121023,1,1,1,2,12,10
1658218214,76507850,1,1,1,29,2,2
1658218360,101010226,1,1,1,62,1,0
1658218233,653194214,1,1,1,12,6,1
1658218308,11375742,1,1,1,22,0,2
1658218209,27415083,1,1,1,47,4,1
1658218204,27415333,1,1,1,55,1,0
1658218204,66491369,1,1,1,44,3,2
1658218082,27363397,1,1,1,18,0,1
1658218405,39878420,1,1,1,17,1,2
1658218064,27363504,1,1,1,28,1,0
1658218216,27414932,1,1,1,36,0,2
1658218390,14623073464,1,1,1,26,11,9
1658217953,82588656,1,1,1,35,9,8
1658218337,35471668,1,1,1,28,1,1
1658218465,27415500,1,1,1,25,0,1
1658218477,11580442,1,1,1,11,4,1
1658218339,99798962,1,1,1,8,25,2
1658218273,66507230,1,1,1,14,7,0
1658218409,125881065,1,1,1,30,1,1
1658218456,54000627,1,1,1,14,6,2
1658218367,121086415,1,1,1,2,11,11
1658218422,84961467,1,1,1,47,2,5
1658218276,54000629,1,1,1,25,10,1
1658218115,27415004,1,1,1,35,2,0
1658218473,27415128,1,1,1,11,8,1
1658218238,27414937,1,1,1,38,0,0
1658218351,42588096,1,1,1,27,0,1
1658218384,100227241,1,1,1,32,3,1
1658218457,2254322638,1,1,1,24,0,0
1658218467,15377776,1,1,1,21,9,5
1658217977,70736110,1,1,1,32,0,0
1627636430,16210188070,0,0,0,0,0,0
1627545043,16210512714,0,0,0,0,0,0
1658218473,11063317380,1,1,1,5,8,5
1658217983,121160813,1,1,1,26,0,2
1658218261,66491388,1,1,1,6,15,11
1650555662,16043228469,0,0,0,0,0,0
1650556299,16043282800,0,0,0,0,0,0
1658218168,15189890802,1,1,1,23,0,1
1658218382,16043242148,1,1,1,14,7,6
1658218453,16043316164,1,1,1,23,2,2
1658218398,54000628,1,1,1,0,40,16
1658218481,15187848239,1,1,1,13,16,1
1658218113,129095489,1,1,1,25,1,1
1658218431,1057383154,1,1,1,3,41,5
1658218378,218903767,1,1,1,55,4,2
1658218480,37647,1,1,1,23,2,0
1658218431,523900881,1,1,1,47,6,2
1658218205,54000555,1,1,1,1,19,12
1658003859,54000621,1,0,0,56,0,0
1658218329,214097180,1,1,1,7,11,3
1658218347,54000556,1,1,1,19,5,2
1658218404,2515618216,1,1,1,13,11,3
1658218478,1057387136,1,1,1,6,16,7
1658218037,11908488283,1,1,1,17,6,2
1658218373,85123644,1,1,1,24,0,2
1658218433,100863462,1,1,1,11,37,13
1658218438,253357936,1,1,1,27,29,1
1658218251,42517412,1,1,1,24,0,0
1658218418,54000551,1,1,1,1,1,15
1593435140,213699079,1,0,0,67,0,0
1658218312,10647548670,1,1,1,19,0,1
1658218379,15066765479,1,1,1,8,15,13
1658218481,10647608657,1,1,1,8,16,5
1658218399,213676294,1,1,1,4,15,2
1658218419,95073815,1,1,1,0,19,18
1558939179,16134135570,0,0,0,0,0,0
1658218471,16134083337,0,0,0,30,0,0
1658218269,11266280626,1,1,1,29,1,2
1658218293,49039283,1,1,1,17,1,0
1658218479,35642049,1,1,1,6,2,3
1658218398,11851012506,1,1,1,1,22,12
1627456205,16379269732,0,0,0,0,0,0
1658218421,27033125,1,1,1,11,0,4
1658218465,13341879803,1,1,1,2,15,7
1658218109,1074347188,1,1,1,2,17,1
1658218037,2515774908,1,1,1,22,0,1
1658218428,84986959,1,1,1,43,15,3
1658218331,11851103861,1,1,1,21,1,3
1658218407,12806084887,1,1,1,20,4,20
1658218198,123546861,1,1,1,23,1,1
1658218455,12943772652,1,1,1,22,5,2
1658218378,12948189248,1,1,1,21,4,5
1658218440,15826185972,1,1,1,15,0,1
1658218473,82423726,1,1,1,31,32,4
1658218378,252301607,1,1,1,1,12,8
1658218354,12959947458,1,1,1,19,1,3
1658218190,34742973,1,1,1,0,21,11
1658218432,210581084,1,1,1,13,17,14
1658218481,101013666,1,1,1,0,44,20
1658218392,11437761399,1,1,1,32,0,0
1658218428,11438116799,1,1,1,20,14,6
1658218468,11437961617,1,1,1,14,8,3
1658218470,11438049493,1,1,1,2,19,9
1658218261,11437651826,1,1,1,27,1,1
1658218323,11004720021,1,1,1,19,7,1
1658218461,102335085,1,1,1,2,27,5
1653472786,11437706131,0,0,0,26,0,0
1658218252,13373712848,1,1,1,23,0,1
1658218400,13373848216,1,1,1,3,2,20
1658218049,13373801574,1,1,1,14,1,10
1658218319,13373758036,1,1,1,23,0,5
1658218333,129026597,1,1,1,1,14,15
1658218402,1062807847,1,1,1,0,32,16
1658218331,478732841,1,1,1,12,2,2
1658218178,82402482,1,1,1,53,1,2
1658218083,129088667,1,1,1,33,3,2
1658218480,54000604,1,1,1,32,0,2
1658218466,43247738,1,1,1,34,0,0
1658218001,102311820,1,1,1,34,0,1
1658218457,394404659,1,1,1,28,6,10
1658218469,516395829,1,1,1,7,1,4
1658218477,368766689,1,1,1,3,24,7
1658218476,315022587,1,1,1,10,33,33
