"last_reported","station_id","is_installed","is_returning","is_renting","dock_available","mechanical_available","electric_available"
1658311097,213688169,1,1,1,34,0,1
1658311494,653222953,1,1,1,6,3,19
1658311588,516709288,1,1,1,13,2,5
1658311459,36255,1,1,1,19,0,2
1658311380,37815204,1,1,1,13,15,0
1658311615,100769544,1,1,1,27,14,3
1658311657,85002689,1,1,1,48,6,5
1658311162,123095125,1,1,1,51,8,0
1658311618,120827885,1,1,1,4,5,2
1658311402,251039991,1,1,1,21,0,3
1658311491,37874517,1,1,1,14,2,5
1658311656,66491398,1,1,1,25,17,4
1658311460,210403080,1,1,1,19,0,3
1658311438,210561800,1,1,1,14,2,1
1658311642,209063434,1,1,1,17,10,2
1658311413,94555589,1,1,1,14,9,3
1658311541,244498842,1,1,1,36,6,5
1658311282,210405211,1,1,1,17,0,3
1658311291,43195240,1,1,1,23,0,2
1658311119,501862076,1,1,1,22,0,0
1658311526,54000559,1,1,1,30,5,2
1658311479,207633746,1,1,1,18,9,22
1658311331,85043758,1,1,1,33,1,2
1658311632,210566542,1,1,1,39,13,8
1658311382,437597018,1,1,1,25,1,3
1658311657,210565680,1,1,1,24,6,4
1658311591,210397939,1,1,1,12,1,4
1658311300,82405965,1,1,1,20,19,2
1658311625,213682736,1,1,1,47,4,1
1658311492,80101533,1,1,1,29,5,0
1658311572,54000581,1,1,1,28,5,1
1658311406,13105968,1,1,1,6,3,12
1658311656,653208733,1,1,1,38,0,0
1658311637,27415224,1,1,1,2,20,11
1658311646,907054879,1,1,1,2,9,8
1658311278,129094535,1,1,1,33,2,4
1658311568,54000612,1,1,1,38,3,0
1658311395,128986726,1,1,1,4,9,19
1658311477,599135701,1,1,1,36,7,1
1658311598,102747146,1,1,1,14,8,4
1658311609,2515403527,1,1,1,25,3,2
1658311503,653132534,1,1,1,15,8,2
1658311593,506455295,1,1,1,10,4,1
1658311450,1057149522,1,1,1,6,14,2
1658311623,210567545,1,1,1,11,5,1
1658311491,2515085147,1,1,1,10,1,8
1658311459,653197324,1,1,1,11,4,9
1658311625,210408693,1,1,1,21,3,2
1658311546,42950839,1,1,1,17,0,1
1658311381,14813797734,1,1,1,6,12,8
1658311565,88230992,1,1,1,28,0,2
1658311479,499303158,1,1,1,1,16,11
1658311639,27415302,1,1,1,22,2,1
1658311548,27414512,1,1,1,36,4,0
1658311623,210580039,1,1,1,16,0,0
1658311640,49474389,1,1,1,3,9,11
1658311645,128940135,1,1,1,5,5,10
1658311453,35149611,1,1,1,10,2,2
1658311516,1057296253,1,1,1,7,49,6
1658311653,210570888,1,1,1,5,10,6
1658311394,129107656,1,1,1,22,1,0
1658311127,1057228658,1,1,1,14,3,5
1658311629,230873471,1,1,1,14,3,3
1658311597,507934805,1,1,1,20,3,2
1658311206,205047993,1,1,1,46,0,0
1658311545,39799329,1,1,1,25,5,3
1658311418,129164969,1,1,1,40,3,3
1658311588,128989986,1,1,1,13,5,10
1658311234,129004826,1,1,1,15,1,1
1658311202,518825709,1,1,1,17,3,1
1658311555,128930462,1,1,1,11,10,8
1658311381,911767210,1,1,1,21,0,1
1658311510,54000565,1,1,1,16,7,1
1658311092,210586093,1,1,1,21,0,1
1658311640,7254,1,1,1,17,2,4
1658311599,369644630,1,1,1,28,1,2
1658311562,214114469,1,1,1,4,19,9
1658311403,128887067,1,1,1,11,4,3
1658311620,55927887,1,1,1,10,24,1
1658311500,210574471,1,1,1,6,2,5
1658311552,72765603,1,1,1,20,0,0
1658311406,210582921,1,1,1,3,9,2
1658311609,43255030,1,1,1,44,1,3
1658311332,129025451,1,1,1,25,1,1
1658311654,128920403,1,1,1,13,8,5
1658311341,323616530,1,1,1,11,1,1
1658311439,208795867,1,1,1,17,0,0
1658311547,1062192012,1,1,1,3,1,28
1658311186,6296,1,1,1,8,4,4
1658311497,521393180,1,1,1,12,7,1
1658311659,576188379,1,1,1,15,3,5
1658311641,128915891,1,1,1,1,20,10
1658311662,82567101,1,1,1,13,3,6
1652812373,102290754,1,0,0,24,0,0
1658311249,457813746,1,1,1,14,0,1
1658311663,128882438,1,1,1,6,29,4
1658311396,50191171,1,1,1,21,0,0
1658311617,129014600,1,1,1,2,13,18
1658311254,3906153622,1,1,1,15,1,0
1658311622,129087587,1,1,1,35,0,3
1658311151,213693511,1,1,1,21,0,1
1658311417,82379648,1,1,1,29,1,3
1658311645,66491397,1,1,1,14,32,10
1658311192,907081682,1,1,1,0,0,0
1658311468,230877798,1,1,1,31,3,0
1658311577,2515995748,1,1,1,9,2,11
1658311282,27363162,1,1,1,16,2,3
1658311545,129021753,1,1,1,16,0,1
1658311434,210740080,1,1,1,44,3,0
1658311405,54000569,1,1,1,37,1,0
1658311108,80216231,1,1,1,35,4,0
1658311281,336511521,1,1,1,14,1,2
1658311619,129043651,1,1,1,5,11,5
1658311623,82562556,1,1,1,32,16,0
1658311603,129048000,1,1,1,41,1,4
1658311663,1062250686,1,1,1,26,4,6
1658311453,261987383,1,1,1,23,1,1
1658311536,813544903,1,1,1,16,11,2
1658311606,126050442,1,1,1,20,2,0
1658311555,27363489,1,1,1,23,0,3
1658311655,39296638,1,1,1,9,13,13
1658311591,205938683,1,1,1,44,7,2
1658311611,210399835,1,1,1,36,1,2
1658311575,1057324291,1,1,1,51,4,1
1658311596,102324803,1,1,1,37,1,1
1658311378,101763163,1,1,1,4,4,4
1658311550,653133605,1,1,1,3,32,7
1658311589,3906094706,1,1,1,6,8,17
1658311444,27414578,1,1,1,9,3,5
1658311636,508042092,1,1,1,1,30,3
1658311294,42603855,1,1,1,13,1,3
1658311624,818302209,1,1,1,10,19,18
1658311653,13718041,1,1,1,21,1,2
1658311471,265464297,1,1,1,47,1,2
1658311661,1057392676,1,1,1,3,19,12
1658311342,102309973,1,1,1,41,1,1
1658311660,532054446,1,1,1,48,5,3
1658311606,129034587,1,1,1,15,1,0
1658311412,314829539,1,1,1,34,3,11
1658311502,586539770,1,1,1,18,1,3
1658311474,3906335682,1,1,1,19,2,3
1658311430,583539396,1,1,1,14,8,2
1658311637,101753100,1,1,1,1,9,6
1658311624,27415466,1,1,1,20,0,1
1658311645,52393,1,1,1,41,6,3
1658311506,81081358,1,1,1,27,11,1
1658311606,66491385,1,1,1,16,5,2
1658311458,209057581,1,1,1,15,1,2
1658311635,66491389,1,1,1,28,19,7
1658311178,210749865,1,1,1,15,0,1
1658311647,535500589,1,1,1,25,25,14
1658311407,597245295,1,1,1,12,15,7
1658311470,213684314,1,1,1,21,2,0
1658311348,235513935,1,1,1,26,0,1
1658311638,27206194,1,1,1,17,1,0
1658311600,102323152,1,1,1,16,1,1
1658311588,129060764,1,1,1,16,8,2
1658311564,828134511,1,1,1,26,3,2
1658311662,586649404,1,1,1,2,8,14
1658311287,596813170,1,1,1,9,0,6
1658311604,596872103,1,1,1,29,0,1
1658311131,271426439,1,1,1,15,2,1
1658311207,27363187,1,1,1,41,2,0
1658311483,76199461,1,1,1,27,1,2
1658311462,230952057,1,1,1,0,21,10
1658311589,37815993,1,1,1,5,24,4
1658311438,88140066,1,1,1,54,7,4
1658311620,213683101,1,1,1,10,5,4
1658311598,213684750,1,1,1,23,10,2
1658311662,129067920,1,1,1,37,0,2
1658311524,2515049357,1,1,1,19,3,2
1658311213,27364743,1,1,1,20,0,0
1658311347,102314792,1,1,1,27,2,3
1658311160,35447568,1,1,1,18,0,4
1658311541,129038848,1,1,1,8,7,1
1658311456,27415736,1,1,1,20,5,3
1658311526,583178525,1,1,1,12,1,7
1658311603,2514995690,1,1,1,14,7,9
1658311604,82387816,1,1,1,18,4,10
1658311503,213685090,1,1,1,26,3,0
1658311593,301841024,1,1,1,23,5,1
1658311646,66491402,1,1,1,27,2,4
1658311419,213679512,1,1,1,22,1,2
1658311512,588452142,1,1,1,7,6,9
1658311544,85147829,1,1,1,12,7,7
1658311534,213681356,1,1,1,16,1,5
1658311636,2515351285,1,1,1,20,3,2
1658311637,213685514,1,1,1,10,12,2
1658311234,102329800,1,1,1,24,2,0
1658311513,54000625,1,1,1,24,5,3
1658311364,572566600,1,1,1,20,1,8
1658311552,213911772,1,1,1,50,2,4
1658311525,129132870,1,1,1,11,12,0
1658311573,620403530,1,1,1,5,12,3
1658311528,66491378,1,1,1,21,29,0
1658311656,631773910,1,1,1,9,12,4
1658311437,1765749389,1,1,1,6,6,1
1658311233,611152693,1,1,1,21,2,5
1658311659,235241110,1,1,1,14,42,4
1658311386,613737748,1,1,1,7,23,1
1658311405,41498023,1,1,1,21,2,0
1658311660,1062671597,1,1,1,9,6,9
1658311360,213945171,1,1,1,19,0,3
1658172380,463297497,1,1,1,20,0,0
1658311339,213875650,1,1,1,3,11,10
1658311319,245187072,1,1,1,4,3,11
1658311572,129144878,1,1,1,2,10,16
1658311636,27415665,1,1,1,32,4,4
1658311625,593238093,1,1,1,2,14,8
1658311507,102331767,1,1,1,24,9,1
1658311661,37791,1,1,1,27,4,3
1658311603,50156117,1,1,1,22,0,1
1658311574,15462236,1,1,1,21,4,7
1658311511,129093478,1,1,1,21,2,3
1658311392,35908,1,1,1,17,1,0
1658311645,210744286,1,1,1,42,0,3
1658311595,101024234,1,1,1,0,47,9
1658311578,213992316,1,1,1,49,0,0
1658311368,213694482,1,1,1,17,3,0
1658311620,129011497,1,1,1,17,4,1
1658311631,101743895,1,1,1,38,23,2
1658311606,213691848,1,1,1,40,1,1
1658311635,210396518,1,1,1,13,2,1
1658311657,97677210,1,1,1,43,3,1
1658311623,39254792,1,1,1,24,17,5
1658311498,213683992,1,1,1,29,20,0
1658311409,54000601,1,1,1,18,0,0
1658311648,27362896,1,1,1,2,15,8
1658311540,213687140,1,1,1,24,4,5
1658311656,235599121,1,1,1,24,1,0
1658311144,213680917,1,1,1,23,2,0
1658311487,1057774603,1,1,1,29,1,2
1658311550,213688462,1,1,1,29,3,6
1658311663,102749572,1,1,1,15,11,22
1658311638,549876068,1,1,1,33,6,7
1658311655,390212609,1,1,1,7,20,3
1658311148,63498079,1,1,1,20,4,1
1658311483,102338493,1,1,1,20,3,6
1658311611,875078767,1,1,1,20,0,0
1658311492,210573120,1,1,1,22,2,8
1658311571,1558958733,1,1,1,5,9,12
1658311548,2515802454,1,1,1,16,7,2
1658311098,648227675,1,1,1,36,1,3
1658311608,42566291,1,1,1,5,20,5
1658311452,1062206433,1,1,1,18,0,1
1658311504,129032910,1,1,1,45,7,0
1658311590,647826568,1,1,1,8,18,3
1658311561,54000577,1,1,1,22,1,4
1658311640,54001024,1,1,1,43,3,4
1658311584,94250567,1,1,1,18,24,9
1658311635,129078200,1,1,1,21,6,1
1658311494,649888071,1,1,1,0,10,8
1658311503,82563707,1,1,1,19,6,7
1658311438,129143598,1,1,1,7,13,8
1658311436,213690847,1,1,1,32,4,1
1658311452,102333275,1,1,1,8,23,3
1658311457,640629438,1,1,1,3,11,7
1658311556,82328045,1,1,1,14,3,2
1658311275,27363362,1,1,1,18,0,0
1658311399,237624030,1,1,1,15,11,10
1658311600,213957917,1,1,1,9,5,9
1658311641,54000626,1,1,1,4,13,4
1658311416,6399,1,1,1,30,1,2
1658311602,210746090,1,1,1,37,9,3
1658311224,27414841,1,1,1,28,0,1
1658311497,82253759,1,1,1,8,16,3
1658311466,82457375,1,1,1,22,6,1
1658311658,54000609,1,1,1,31,1,2
1515739220,27415512,1,0,0,35,0,0
1658311612,49859500,1,1,1,10,6,1
1658311605,214139374,1,1,1,20,5,4
1658311114,213702608,1,1,1,18,1,0
1658311624,559507144,1,1,1,19,2,4
1658311615,213700358,1,1,1,19,0,1
1658311461,653063170,1,1,1,30,8,0
1658311524,3906215030,1,1,1,31,3,4
1658311236,129151834,1,1,1,39,0,2
1658311494,237041013,1,1,1,14,2,3
1658311623,54000553,1,1,1,10,13,12
1658311342,653200142,1,1,1,29,5,2
1658311517,650091839,1,1,1,10,13,2
1658311513,362869414,1,1,1,14,6,5
1658311492,55664548,1,1,1,6,24,1
1658311661,100859941,1,1,1,40,2,8
1658311614,49368561,1,1,1,34,14,4
1658311640,42743053,1,1,1,33,1,1
1658311463,213699913,1,1,1,20,0,3
1658311592,101740379,1,1,1,43,0,0
1658311584,4329844165,1,1,1,25,3,4
1658311619,213694069,1,1,1,24,1,1
1655990886,214134714,1,0,0,26,0,0
1658311294,468843711,1,1,1,20,3,0
1658311662,378626842,1,1,1,25,21,3
1658311525,27414945,1,1,1,12,3,0
1658311525,210090269,1,1,1,49,11,1
1658311635,376664868,1,1,1,23,2,1
1658311309,2515927759,1,1,1,7,8,10
1658311643,205955605,1,1,1,17,12,7
1658311548,933214552,1,1,1,3,19,2
1658311598,66491370,1,1,1,13,8,6
1658311542,353462947,1,1,1,14,10,4
1658311612,1559700274,1,1,1,16,1,2
1658311357,39217683,1,1,1,4,12,5
1658311508,213688824,1,1,1,22,11,0
1658311648,82337423,1,1,1,35,3,9
1658311509,66491404,1,1,1,20,0,0
1658311356,652120758,1,1,1,52,1,4
1658311624,66491393,1,1,1,27,19,1
1658311535,1062223873,1,1,1,7,10,5
1658311656,49085250,1,1,1,16,1,0
1658311494,376526598,1,1,1,46,0,0
1658311147,27071684,1,1,1,24,6,2
1658311549,2515907297,1,1,1,4,6,7
1658311259,66491401,1,1,1,42,13,1
1658311583,341388492,1,1,1,35,3,6
1658311603,985828965,1,1,1,6,32,2
1658311546,338762459,1,1,1,11,13,2
1658311650,323486248,1,1,1,6,8,1
1658311299,66491392,1,1,1,39,3,1
1658311650,478952881,1,1,1,21,0,3
1658311649,501318622,1,1,1,19,2,3
1658311600,38263504,1,1,1,7,12,4
1658311630,470807791,1,1,1,21,6,3
1658311651,82445192,1,1,1,33,2,3
1658311638,2515658032,1,1,1,18,0,1
1658311617,568135465,1,1,1,4,12,22
1657840010,570185777,1,0,0,0,0,0
1658311436,214102967,1,1,1,43,0,0
1658311564,54000597,1,1,1,14,2,5
1658311488,82417874,1,1,1,34,12,5
1658311376,102319838,1,1,1,9,3,4
1658311545,652192395,1,1,1,28,35,2
1658311510,571923059,1,1,1,41,1,4
1658311155,66491405,1,1,1,24,0,2
1658311568,54000635,1,1,1,19,7,5
1658311476,54000544,1,1,1,1,35,1
1658311520,1062179194,1,1,1,22,2,1
1658311530,1063017616,1,1,1,8,7,6
1658311157,378648513,1,1,1,33,0,3
1658311467,27278603,1,1,1,20,1,2
1658311624,13497763,1,1,1,13,9,1
1658311569,653042442,1,1,1,6,11,22
1658311069,49807107,1,1,1,16,0,1
1658311557,82450803,1,1,1,36,17,4
1658311653,210747224,1,1,1,26,10,13
1658311466,210568512,1,1,1,24,19,20
1658311600,213691542,1,1,1,30,7,14
1658311610,357409723,1,1,1,17,10,3
1658311641,2515855808,1,1,1,3,13,18
1658311407,384370499,1,1,1,25,0,0
1658311623,49403716,1,1,1,0,12,15
1658311660,54000571,1,1,1,43,8,2
1658311594,473204291,1,1,1,2,13,16
1658311602,27363103,1,1,1,24,4,3
1658311493,85145704,1,1,1,23,3,0
1658311426,653044270,1,1,1,4,13,0
1658311443,26958435,1,1,1,25,0,0
1658311639,6385,1,1,1,14,2,4
1658311109,213857398,1,1,1,11,1,2
1658311558,82550925,1,1,1,12,18,7
1658311632,27363096,1,1,1,28,3,1
1658311661,85165045,1,1,1,8,11,5
1658311562,129119449,1,1,1,18,0,0
1658311529,475524450,1,1,1,13,5,6
1658311630,653048150,1,1,1,1,25,12
1658311179,244400797,1,1,1,16,4,2
1658311377,213922790,1,1,1,35,5,9
1658311581,129001431,1,1,1,25,5,1
1658311590,210753033,1,1,1,4,7,2
1658311590,653203262,1,1,1,7,12,1
1658311628,406806401,1,1,1,14,10,3
1658311405,85143075,1,1,1,27,0,3
1658311399,1063035479,1,1,1,5,8,10
1658311487,54000595,1,1,1,35,0,1
1658311657,82571110,1,1,1,9,8,9
1658311521,54000582,1,1,1,20,4,2
1658311180,217235307,1,1,1,24,1,0
1658311573,210748575,1,1,1,42,8,1
1658311536,82421994,1,1,1,23,6,4
1658311332,214123470,1,1,1,8,11,5
1658235493,129086648,1,1,1,29,7,6
1658311650,217572769,1,1,1,11,4,13
1658311264,214298601,1,1,1,20,2,1
1658311638,129125489,1,1,1,21,0,0
1658311296,214122655,1,1,1,19,6,6
1658311476,15461933,1,1,1,2,11,3
1658311278,82458977,1,1,1,20,1,2
1658311473,129077035,1,1,1,43,7,1
1658311202,221047138,1,1,1,15,1,1
1658311634,15308782,1,1,1,4,26,4
1658311559,216473073,1,1,1,17,0,1
1658311564,37521,1,1,1,8,4,4
1642540077,35196898,1,0,0,27,0,0
1658311597,653046029,1,1,1,20,8,6
1658311488,2515976231,1,1,1,10,5,4
1658311518,129103849,1,1,1,18,0,2
1658311484,1057009034,1,1,1,26,0,1
1658311630,82334007,1,1,1,15,30,1
1658311526,214146056,1,1,1,12,9,5
1658311192,85008390,1,1,1,58,11,2
1658311623,216039437,1,1,1,3,6,14
1658311563,215495494,1,1,1,42,2,2
1658311663,43155320,1,1,1,37,9,1
1658311643,129130397,1,1,1,6,14,1
1658311418,653129412,1,1,1,25,1,2
1658311492,54000634,1,1,1,19,4,2
1658311581,419381597,1,1,1,28,16,6
1658311472,54000548,1,1,1,0,25,4
1658311639,54000466,1,1,1,16,10,3
1658311325,426772876,1,1,1,1,27,2
1658311625,74620630,1,1,1,26,0,0
1658311434,129091653,1,1,1,29,2,2
1658311624,100905057,1,1,1,12,3,7
1658311264,129134084,1,1,1,20,3,1
1658311641,210754072,1,1,1,15,16,3
1658311654,419991048,1,1,1,19,19,12
1658311606,2820744873,1,1,1,21,3,4
1658311628,213676825,1,1,1,13,23,14
1658311544,15299574,1,1,1,39,7,2
1658311577,41566122,1,1,1,35,13,5
1658311497,963786819,1,1,1,25,3,2
1658311397,427678168,1,1,1,39,2,3
1658311591,976762284,1,1,1,13,1,14
1658311476,213686196,1,1,1,15,2,0
1658311585,11004671601,1,1,1,21,0,5
1658311523,27414601,1,1,1,34,6,2
1658311599,129036192,1,1,1,13,0,0
1658311466,82421013,1,1,1,12,18,3
1658311638,434419150,1,1,1,2,19,15
1658311456,252339799,1,1,1,13,1,14
1658311511,224589573,1,1,1,17,0,0
1658311610,220502135,1,1,1,4,24,7
1658311340,129114993,1,1,1,31,0,1
1658311455,129124069,1,1,1,20,0,1
1658311539,221094844,1,1,1,19,0,4
1658311222,220726050,1,1,1,46,4,4
1658311584,254224239,1,1,1,57,5,0
1658311528,1805401614,1,1,1,8,17,1
1658311539,129116697,1,1,1,15,3,0
1658311531,977409509,1,1,1,33,0,5
1658311222,653055049,1,1,1,24,0,9
1658311578,221041655,1,1,1,50,3,2
1658311425,1057769632,1,1,1,13,3,10
1658311511,1333959209,1,1,1,11,4,4
1658311278,213690256,1,1,1,40,3,2
1658311477,476183970,1,1,1,39,0,0
1658311423,632007124,1,1,1,30,4,2
1658311624,977206088,1,1,1,6,15,8
1658311481,213868408,1,1,1,2,23,5
1658311248,129061615,1,1,1,17,8,5
1658311284,43165673,1,1,1,23,9,1
1658311389,82381710,1,1,1,11,1,2
1658311635,224598098,1,1,1,20,26,3
1658311581,10968855,1,1,1,14,2,0
1658311629,82508970,1,1,1,4,14,6
1658311490,653055097,1,1,1,19,0,3
1658311610,221038698,1,1,1,16,6,4
1658311561,27246227,1,1,1,20,3,0
1658311616,63297,1,1,1,8,9,3
1658311659,95927849,1,1,1,21,1,2
1658311620,102341385,1,1,1,18,1,2
1658311302,54000605,1,1,1,38,1,1
1658311511,979059925,1,1,1,28,0,1
1658311606,6512,1,1,1,15,0,0
1658311530,27363323,1,1,1,21,7,4
1658311597,85118872,1,1,1,32,1,4
1658311548,102289046,1,1,1,14,6,1
1658311653,124402232,1,1,1,37,1,2
1658311510,985086307,1,1,1,13,9,1
1658311574,27415327,1,1,1,21,3,1
1658311567,100798076,1,1,1,12,7,0
1658311353,15298647,1,1,1,31,4,1
1658311359,1063404053,1,1,1,14,0,6
1613034881,76199110,1,0,0,0,0,0
1658311463,54000598,1,1,1,25,0,0
1658311661,2515829865,1,1,1,7,10,4
1658311646,989753852,1,1,1,19,0,1
1658311544,990000217,1,1,1,1,10,4
1658311475,121025345,1,1,1,8,1,4
1658311432,213692714,1,1,1,22,0,1
1658311631,82577019,1,1,1,24,4,2
1658311113,39256416,1,1,1,43,1,1
1658311165,255207155,1,1,1,19,0,0
1658311157,63769334,1,1,1,34,0,3
1658311579,129136818,1,1,1,22,0,1
1658311539,37936869,1,0,0,35,0,0
1658311427,27415469,1,1,1,20,3,0
1658311111,39599631,1,1,1,17,5,0
1658311605,84979504,1,1,1,2,18,5
1658311526,85120104,1,1,1,8,2,5
1658252503,653059015,1,1,1,14,9,6
1658311651,101748685,1,1,1,12,26,4
1658311221,54000608,1,1,1,44,4,3
1658311543,653080986,1,1,1,3,4,0
1658311342,102743096,1,1,1,25,0,1
1658311498,66491394,1,1,1,27,10,3
1658311500,126175087,1,1,1,21,0,1
1658311433,101746493,1,1,1,47,4,2
1658311546,27363137,1,1,1,19,1,2
1658311611,339797666,1,1,1,24,0,1
1658311604,1968156458,1,1,1,1,28,4
1658311523,82404497,1,1,1,30,3,3
1658311464,991351798,1,1,1,2,19,2
1658311621,7304,1,1,1,3,9,2
1658311607,54000592,1,1,1,16,16,4
1658311547,54000572,1,1,1,9,7,4
1658311466,15409531,1,1,1,13,1,2
1658311638,29327,1,1,1,0,6,15
1658311199,36298,1,1,1,11,1,3
1658311628,37903195,1,1,1,14,10,3
1658311422,102313219,1,1,1,32,0,2
1658311619,100906707,1,1,1,34,3,2
1658311431,624177860,1,1,1,41,3,5
1658311563,66491407,1,1,1,20,1,1
1658311407,27369223,1,1,1,11,2,3
1658311496,102336814,1,1,1,2,9,7
1658311582,484423835,1,1,1,15,6,5
1658311511,54000618,1,1,1,13,5,0
1658311488,653059879,1,1,1,25,7,7
1658311652,210583589,1,1,1,17,7,5
1658311385,653050378,1,1,1,19,8,7
1658311481,15291968,1,1,1,8,2,4
1658311223,126354477,1,1,1,18,0,0
1658311654,15387809,1,1,1,44,15,3
1658311662,1002059045,1,1,1,12,9,6
1658311574,1002738770,1,1,1,20,3,3
1658311605,100918666,1,1,1,13,4,3
1658311514,213987795,1,1,1,24,6,8
1658311661,15397468,1,1,1,22,22,2
1658311469,129101773,1,1,1,39,0,3
1658311257,84966359,1,1,1,23,1,1
1658311522,42908639,1,1,1,28,0,0
1658311563,125469898,1,1,1,32,0,1
1658311607,35137730,1,1,1,23,16,11
1658311655,52329,1,1,1,26,5,5
1658311610,42499285,1,1,1,29,12,2
1658311513,85162552,1,1,1,39,1,3
1655504532,88235134,1,0,0,1,0,1
1658311281,2515738489,1,1,1,5,8,5
1658311636,256561528,1,1,1,4,32,6
1658311466,452920451,1,1,1,22,0,1
1658311563,37920,1,1,1,1,31,2
1658311580,54000588,1,1,1,61,1,4
1658311477,1020700136,1,1,1,14,3,2
1658311517,100855693,1,1,1,23,2,1
1658311633,54000549,1,1,1,6,5,5
1658311535,54000586,1,1,1,29,1,1
1658311607,102304517,1,1,1,40,3,2
1658311632,128889359,1,1,1,29,9,0
1658311632,54000546,1,1,1,27,3,2
1658311552,129042700,1,1,1,39,16,4
1658311645,101761298,1,1,1,9,16,20
1658311640,912377361,1,1,1,23,16,3
1658311610,256124192,1,1,1,38,0,2
1658311497,27364581,1,1,1,19,0,4
1658311527,653127524,1,1,1,20,10,0
1658311390,2515686699,1,1,1,23,0,2
1658311377,210737808,1,1,1,20,0,4
1658311434,259977414,1,1,1,14,4,3
1658311245,82568336,1,1,1,23,1,1
1658311442,1021176825,1,1,1,13,3,6
1658311663,54000611,1,1,1,20,3,1
1658311589,66491408,1,1,1,28,0,2
1658311502,100872260,1,1,1,34,3,2
1658311549,36151,1,1,1,0,10,6
1658311458,213848056,1,1,1,0,47,6
1658311566,452936197,1,1,1,52,6,1
1658311561,54000545,1,1,1,47,16,0
1658311388,66505511,1,1,1,0,21,7
1658311437,224256188,1,1,1,19,4,5
1658311467,66491386,1,1,1,36,17,3
1658311467,1023083417,1,1,1,12,3,4
1658311148,54000539,1,1,1,27,5,3
1658311346,1025995767,1,1,1,2,11,7
1658311621,101490103,1,1,1,18,3,2
1658311662,82432573,1,1,1,37,8,4
1658311406,1021553839,1,1,1,33,0,1
1658311458,54000541,1,1,1,17,10,2
1658311282,653065577,1,1,1,24,3,2
1658311488,1034242363,1,1,1,33,0,0
1658311617,335780498,1,1,1,10,7,14
1658311655,256403519,1,1,1,17,1,2
1658311068,484387018,1,1,1,27,0,1
1658311501,544249939,1,1,1,42,3,4
1658311170,1035816937,1,1,1,21,5,1
1658311406,66507229,1,1,1,24,0,1
1658311628,27415012,1,1,1,35,22,8
1658311528,263610599,1,1,1,39,2,3
1658311298,49772483,1,1,1,18,0,0
1658311505,653066427,1,1,1,13,10,3
1658311609,129089749,1,1,1,27,3,1
1658311602,100770878,1,1,1,15,6,2
1658311625,27415297,1,1,1,42,1,3
1658311586,54000607,1,1,1,11,8,0
1658311648,13283986,1,1,1,26,3,5
1658311545,100910836,1,1,1,33,7,4
1658311531,6515,1,1,1,18,5,6
1658311615,41523981,1,1,1,29,3,0
1658311173,1034247348,1,1,1,28,1,4
1658311451,39536951,1,1,1,27,2,4
1658311510,35089539,1,1,1,22,0,0
1658311485,27415169,1,1,1,8,13,1
1658311658,15412563,1,1,1,15,3,4
1658311329,30179848,1,1,1,20,2,4
1658311587,27363029,1,1,1,23,7,2
1658311372,484889494,1,1,1,19,4,2
1658311652,27363256,1,1,1,2,11,10
1658311568,100902274,1,1,1,5,19,13
1658311555,15414455,1,1,1,26,2,6
1658311626,27415285,1,1,1,18,3,4
1658311387,78348185,1,1,1,37,10,3
1658311518,36003,1,1,1,15,1,6
1658311457,27415215,1,1,1,21,2,2
1658311221,263732151,1,1,1,23,6,4
1658311648,1036199130,1,1,1,3,8,9
1658311562,129161858,1,1,1,24,2,2
1658311238,653035822,1,1,1,15,8,5
1658311617,27414460,1,1,1,8,10,18
1658311661,76488849,1,1,1,8,17,11
1658311516,66505513,1,1,1,17,5,9
1658311449,129050965,1,1,1,6,4,4
1658311651,66491368,1,1,1,35,8,5
1658311567,82419429,1,1,1,29,7,4
1658311508,349750111,1,1,1,23,1,4
1658311218,52453,1,1,1,24,0,0
1658311593,210389577,1,1,1,1,9,7
1658311597,15401095,1,1,1,25,19,1
1658311300,1055553396,1,1,1,10,2,2
1658311419,210394523,1,1,1,4,19,6
1658311592,1036226943,1,1,1,26,0,7
1658311628,1056959071,1,1,1,11,25,2
1658311515,60667075,1,1,1,13,4,5
1658311655,66491371,1,1,1,21,7,3
1658311508,486833337,1,1,1,18,7,8
1658311627,1055541632,1,1,1,12,19,8
1658311554,75313725,1,1,1,30,3,0
1658311602,606669250,1,1,1,24,8,4
1658311420,653069115,1,1,1,31,0,1
1658311542,15383032,1,1,1,10,19,10
1658311337,54000561,1,1,1,25,5,0
1658311516,54001190,1,1,1,24,1,1
1658311639,460558111,1,1,1,15,4,1
1658311346,82569809,1,1,1,21,1,0
1658311380,11851037297,1,1,1,28,1,4
1658311603,266052390,1,1,1,27,0,1
1658311318,37952191,1,1,1,28,1,1
1658311478,34300292,1,1,1,8,14,1
1658311521,82554786,1,1,1,28,0,2
1658311191,268976295,1,1,1,32,0,0
1658311409,27415444,1,1,1,24,0,6
1658311561,84983562,1,1,1,44,1,3
1658311569,129081441,1,1,1,12,8,0
1658311652,653073004,1,1,1,8,28,11
1658311628,1056986761,1,1,1,19,26,9
1658311494,41610121,1,1,1,2,20,4
1658311539,82566934,1,1,1,44,7,1
1658311646,128936618,1,1,1,10,18,6
1658311588,35106544,1,1,1,49,2,2
1658311507,267976590,1,1,1,32,26,7
1658311190,1056965116,1,1,1,46,1,3
1658311659,54000630,1,1,1,14,9,1
1658311637,54000567,1,1,1,28,2,4
1658311497,1599921040,1,1,1,26,2,2
1658311225,129096696,1,1,1,13,0,0
1658311474,82590367,1,1,1,32,19,5
1658311563,82573931,1,1,1,29,4,4
1658311504,82436057,1,1,1,13,7,2
1658311582,43219958,1,1,1,35,1,2
1658311662,269953055,1,1,1,11,11,6
1658311662,82448637,1,1,1,16,27,1
1658311650,271540743,1,1,1,9,12,3
1658311626,452347778,1,1,1,2,16,2
1658311431,13372702,1,1,1,33,0,0
1658311075,1599931563,1,1,1,26,1,2
1658311622,15411223,1,1,1,23,1,0
1658311621,85152599,1,1,1,14,22,9
1658311537,284711589,1,1,1,8,7,3
1658311400,30550,1,1,1,12,5,7
1658311130,478593396,1,1,1,16,0,1
1658311541,213675430,1,1,1,9,36,4
1658311484,462875227,1,1,1,19,2,3
1658311289,213693126,1,1,1,22,0,0
1658311615,363735875,1,1,1,1,9,6
1658311314,265266148,1,1,1,14,5,3
1658311503,357491025,1,1,1,21,1,0
1658311628,457713145,1,1,1,28,6,8
1658311498,392576677,1,1,1,9,6,8
1658311663,66491406,1,1,1,20,22,5
1658311533,338853596,1,1,1,4,8,14
1658311234,1056995858,1,1,1,24,1,3
1658311564,27414924,1,1,1,19,1,1
1658311564,390075668,1,1,1,35,3,1
1658311581,54000550,1,1,1,15,16,0
1658311650,1056972307,1,1,1,43,2,3
1658311231,653217067,1,1,1,12,1,5
1658311663,1109534105,1,1,1,9,0,11
1658311607,124390478,1,1,1,12,5,0
1658311629,365181481,1,1,1,46,4,2
1658311247,653076373,1,1,1,29,3,2
1653895841,11851327865,0,0,0,30,0,0
1658311113,52456,1,1,1,27,0,1
1658311654,15310509,1,1,1,15,0,1
1658311564,275968458,1,1,1,50,3,5
1658311554,213995665,1,1,1,23,3,2
1658311618,1056979685,1,1,1,23,2,0
1658311645,128928526,1,1,1,12,1,1
1658311649,27415123,1,1,1,14,10,1
1658311640,287096529,1,1,1,11,10,21
1658311579,97705710,1,1,1,32,3,3
1658311478,13242682,1,1,1,27,2,1
1658311140,278576043,1,1,1,12,1,4
1658311189,213695073,1,1,1,33,0,0
1658311478,284708999,1,1,1,24,10,3
1658311430,653079520,1,1,1,5,6,8
1658311605,653076393,1,1,1,4,12,13
1658311508,129069108,1,1,1,36,2,1
1597371137,213936755,1,0,0,49,0,0
1658311228,30641281,1,1,1,19,1,1
1658311215,54000593,1,1,1,16,11,10
1658311340,27362949,1,1,1,30,1,0
1658311496,1057003116,1,1,1,13,14,2
1658311431,285726279,1,1,1,23,1,0
1652035916,41587607,1,0,0,30,0,0
1658311227,285454061,1,1,1,14,0,1
1658311618,213686471,1,1,1,8,7,9
1658311575,7261,1,1,1,8,5,7
1658311643,291354793,1,1,1,5,30,15
1658311541,213685863,1,1,1,25,19,7
1658311534,653062048,1,1,1,22,1,1
1658311592,1062812659,1,1,1,40,16,2
1658311616,653079135,1,1,1,2,5,6
1658311567,38319086,1,1,1,34,0,2
1658311401,653129435,1,1,1,12,0,4
1658311595,221032834,1,1,1,32,6,10
1658311654,124622630,1,1,1,26,9,1
1658311618,594942659,1,1,1,18,0,0
1658311464,96512532,1,1,1,2,8,8
1658311640,362178041,1,1,1,8,6,14
1658311494,100783424,1,1,1,16,50,3
1658311654,27415524,1,1,1,9,7,7
1658311298,422639331,1,1,1,24,2,3
1658311659,1057061349,1,1,1,29,1,0
1658311401,292871105,1,1,1,19,0,2
1658311608,38280,1,1,1,13,3,1
1658311405,653125838,1,1,1,6,12,8
1658311576,476053320,1,1,1,24,0,1
1658311563,129121741,1,1,1,44,1,4
1658311595,404947652,1,1,1,9,21,2
1658311133,129142199,1,1,1,29,0,1
1658311519,210584503,1,1,1,12,0,0
1658311520,42541542,1,1,1,27,4,2
1658311623,27363558,1,1,1,14,12,0
1658311481,214109662,1,1,1,15,1,4
1658311108,653122771,1,1,1,5,17,1
1658311272,35147530,1,1,1,16,4,2
1658311644,1057081237,1,1,1,19,1,2
1658311639,101756482,1,1,1,30,16,2
1658311427,1057179405,1,1,1,25,1,2
1658311535,653135400,1,1,1,3,19,4
1658311649,213689228,1,1,1,38,1,3
1658311594,409364001,1,1,1,8,5,5
1658311571,129079313,1,1,1,31,11,2
1658311650,129135654,1,1,1,25,4,1
1658311573,653080383,1,1,1,2,36,9
1658311526,1057039016,1,1,1,18,1,1
1658311548,1057045129,1,1,1,26,11,3
1658311649,1190800638,1,1,1,11,9,2
1658311416,302725495,1,1,1,51,0,0
1658311210,303102719,1,1,1,9,0,2
1658311652,27363277,1,1,1,30,1,6
1658311237,6295,1,1,1,13,6,1
1658311223,303452950,1,1,1,25,1,7
1658311593,54000617,1,1,1,12,5,2
1526880629,213691137,1,0,0,30,0,0
1658311364,653131074,1,1,1,20,3,2
1658311477,308082350,1,1,1,0,14,3
1658311392,653126035,1,1,1,2,6,10
1658311138,36473,1,0,0,12,1,0
1658311523,210745258,1,1,1,43,2,2
1658311500,37921892,1,1,1,16,4,3
1658311469,457834134,1,1,1,25,0,2
1658311445,653123610,1,1,1,32,2,0
1658311478,35101194,1,1,1,7,14,9
1658311514,54000615,1,1,1,18,3,8
1658311431,135806005,1,1,1,15,0,1
1658311581,66491395,1,1,1,25,8,2
1658311593,653135378,1,1,1,26,9,1
1658311396,54000562,1,1,1,24,3,3
1658311547,402212574,1,1,1,19,3,6
1658311351,1057184567,1,1,1,33,0,0
1658311486,1057319366,1,1,1,15,10,2
1658311653,34235349,1,1,1,13,10,4
1658311515,210751059,1,1,1,10,3,2
1658311533,1057203651,1,1,1,6,14,20
1658311451,453172172,1,1,1,4,7,2
1658311414,478385490,1,1,1,26,0,2
1658311218,102326776,1,1,1,17,0,6
1658311434,213706622,1,1,1,16,1,4
1658311127,213686749,1,1,1,32,0,4
1658311429,1057302263,1,1,1,6,10,2
1658311662,82572699,1,1,1,24,1,2
1658311344,311552027,1,1,1,38,5,2
1658311285,27269170,1,1,1,15,1,5
1658303435,82550543,1,1,1,14,30,2
1658311450,82375611,1,1,1,42,0,2
1658311399,443402852,1,1,1,47,1,0
1658311582,1062162270,1,1,1,5,5,9
1658311633,38192,1,1,1,20,10,3
1658311587,84958519,1,1,1,18,9,3
1658311515,559980654,1,1,1,6,9,9
1658311663,213952930,1,0,0,30,0,0
1658311598,458086607,1,1,1,2,11,14
1658311618,7247,1,1,1,12,7,3
1658311617,653081846,1,1,1,14,7,9
1658311498,213689815,1,1,1,29,5,1
1658311640,443198808,1,1,1,22,9,4
1658311573,620676855,1,1,1,2,15,4
1658311659,98187918,1,1,1,28,20,10
1658311427,13191324,1,1,1,32,0,1
1658311650,210738704,1,1,1,8,8,9
1658311552,102745622,1,1,1,4,22,2
1658311487,213999554,1,1,1,11,5,4
1658311529,213677219,1,1,1,8,11,1
1658311495,6294,1,1,1,13,6,3
1658311470,85155919,1,1,1,23,2,5
1658311287,1062238429,1,1,1,9,6,2
1658311656,369011098,1,1,1,10,9,2
1658311488,102343591,1,1,1,3,11,16
1658311616,27415150,1,1,1,7,4,10
1658311477,82565383,1,1,1,44,1,0
1658311525,653134004,1,1,1,23,3,0
1658311632,27415246,1,1,1,18,21,3
1658311617,389788858,1,1,1,43,25,5
1658311078,1056947780,1,1,1,29,0,1
1658311475,38327,1,1,1,34,3,2
1658311644,100925033,1,1,1,43,1,1
1658311595,109609241,1,1,1,11,17,4
1658311467,101491821,1,1,1,25,11,2
1658311413,82562496,1,1,1,12,2,6
1658311658,235197110,1,1,1,3,40,2
1658311362,417088374,1,1,1,8,24,6
1658311583,129145892,1,1,1,25,6,13
1658311525,439750210,1,1,1,1,10,15
1658311662,82584215,1,1,1,3,41,15
1658311242,42720305,1,1,1,36,1,1
1658311498,653205656,1,1,1,20,3,3
1658311138,653147618,1,1,1,24,1,1
1658311316,335989765,1,1,1,41,5,1
1658311097,417623119,1,1,1,18,1,1
1658311571,54000632,1,1,1,10,19,5
1658311515,428088564,1,1,1,20,3,1
1658311593,365886904,1,1,1,33,2,1
1658311657,85015750,1,1,1,27,2,9
1658311651,27064639,1,1,1,15,5,1
1658311612,102722579,1,1,1,3,10,13
1658311659,653083263,1,1,1,3,21,15
1658311626,39151458,1,1,1,17,0,2
1658311548,213682190,1,1,1,27,10,6
1658311602,468354634,1,1,1,26,2,2
1658311646,379063990,1,1,1,17,2,2
1658311592,221036108,1,1,1,45,0,2
1658311491,213692227,1,1,1,33,0,2
1658311547,75641607,1,1,1,21,1,10
1658311571,653137566,1,1,1,27,3,3
1658311629,213674686,1,1,1,26,10,0
1658311332,38522,1,1,1,21,0,1
1658311656,488889101,1,1,1,15,7,8
1658311624,653083675,1,1,1,11,2,7
1658311644,266422568,1,1,1,13,3,6
1658311657,488872892,1,1,1,21,16,4
1658311621,488800137,1,1,1,10,2,14
1658311659,1057730786,1,1,1,1,11,6
1658311091,131094294,1,1,1,15,10,4
1658311546,129016495,1,1,1,27,11,12
1658311651,1057335613,1,1,1,2,12,16
1658311511,491687415,1,1,1,14,4,4
1658311585,39202840,1,1,1,15,1,0
1658311594,653141822,1,1,1,7,8,5
1658311659,488980540,1,1,1,31,1,1
1658311660,54000599,1,1,1,19,2,2
1658311650,1057221951,1,1,1,3,17,7
1658311546,653137567,1,1,1,1,13,8
1658311627,54000600,1,1,1,28,1,3
1658311488,82455731,1,1,1,37,24,1
1658311619,15212034,1,1,1,17,0,2
1658311585,494183852,1,1,1,32,7,0
1658311533,1057399900,1,1,1,19,3,3
1658311562,559595472,1,1,1,16,5,1
1658311567,210395439,1,1,1,11,12,3
1658311501,491932748,1,1,1,39,0,0
1658311595,1057329581,1,1,1,16,5,2
1658311304,1057378487,1,1,1,10,6,3
1658311645,1057737444,1,1,1,38,3,9
1658311600,82336035,1,1,1,4,11,2
1658311504,1314450240,1,1,1,11,3,1
1658311199,2515636592,1,1,1,13,1,4
1658311564,255322397,1,1,1,25,0,1
1658311483,653139063,1,1,1,39,10,2
1658311656,1057091571,1,1,1,3,21,3
1658311199,210582231,1,1,1,14,3,7
1658311351,653087180,1,1,1,26,0,3
1656114400,583171360,1,0,0,30,0,0
1658311306,312870435,1,1,1,8,0,0
1658311656,1057354004,1,1,1,4,9,15
1658311545,129106450,1,1,1,29,2,2
1658311520,1057405802,1,1,1,28,1,0
1658311639,27414544,1,1,1,15,3,3
1658311152,213894629,1,1,1,34,1,8
1658311616,100923502,1,1,1,0,13,2
1658311646,129059516,1,1,1,39,2,3
1658311599,1227051850,1,1,1,5,31,3
1658311621,1057748427,1,1,1,21,17,5
1658311535,285001735,1,1,1,31,5,3
1658311636,54000560,1,1,1,7,3,9
1658311634,1062742831,1,1,1,24,10,3
1658311640,101017160,1,1,1,28,4,0
1658311468,100933541,1,1,1,15,10,1
1658311512,36391,1,1,1,6,9,4
1658311452,100934967,1,1,1,18,11,4
1658311643,437741660,1,1,1,35,5,2
1658311448,1062783107,1,1,1,11,12,7
1658311476,15309045,1,1,1,14,1,0
1658311584,653086121,1,1,1,15,1,15
1658311450,653139897,1,1,1,17,2,8
1658311474,476155906,1,1,1,18,5,2
1658311507,101011685,1,1,1,17,4,2
1658311449,27415547,1,1,1,23,0,1
1658311540,54000543,1,1,1,2,19,8
1613934558,1015246367,1,0,0,25,0,0
1658311623,284787594,1,1,1,10,21,9
1658311512,1057765913,1,1,1,25,10,2
1658311470,1062704564,1,1,1,23,9,6
1658311510,221043930,1,1,1,34,0,2
1658311574,1057234527,1,1,1,20,14,5
1658311641,49498164,1,1,1,6,5,2
1658311407,76121343,1,1,1,9,1,1
1658311625,1057072168,1,1,1,16,0,7
1658311229,1062685145,1,1,1,5,5,6
1658311286,1056715831,1,1,1,9,7,5
1658311502,101742129,1,1,1,31,7,0
1658311385,1057360420,1,1,1,27,0,0
1658311548,49117995,1,1,1,13,0,3
1658311627,214119792,1,1,1,3,13,3
1658311601,1057366813,1,1,1,11,13,7
1658311648,37504995,1,1,1,6,22,4
1658311266,131908132,1,1,1,13,4,1
1658311634,27363337,1,1,1,14,12,5
1658311572,125811629,1,1,1,20,15,7
1658311491,102307005,1,1,1,12,6,5
1658311561,1057753858,1,1,1,24,10,2
1658311367,452341449,1,1,1,21,2,2
1658311651,54000590,1,1,1,40,6,0
1658311572,6298,1,1,1,21,0,0
1658311604,27359295,1,1,1,7,15,7
1658311631,54000587,1,1,1,31,0,0
1658311543,81212212,1,1,1,16,4,1
1658311624,653087914,1,1,1,7,16,4
1658311586,41219552,1,1,1,10,7,5
1658311506,101738550,1,1,1,18,2,1
1658311413,54000622,1,1,1,24,3,1
1658311484,82339935,1,1,1,10,8,15
1658311463,27414713,1,1,1,17,6,4
1658311484,54000564,1,1,1,7,10,13
1658311660,13912564,1,1,1,3,15,6
1658311259,42907187,1,1,1,19,4,2
1658311503,58311330,1,1,1,20,2,2
1658311632,100967498,1,1,1,39,8,1
1658311658,39149651,1,1,1,35,7,5
1658311374,43247025,1,1,1,11,3,1
1658311502,70903158,1,1,1,15,4,5
1658311617,37879071,1,1,1,23,6,4
1658311591,41464928,1,1,1,53,4,3
1658311143,54000619,1,1,1,11,14,6
1658311655,38060,1,1,1,26,11,6
1658311315,101008598,1,1,1,37,3,2
1658311473,82332239,1,1,1,24,9,3
1658311617,75525462,1,1,1,39,3,2
1658311511,15462861,1,1,1,19,5,7
1658311487,95845524,1,1,1,8,4,3
1658311559,38407,1,1,1,25,8,6
1658311577,82554449,1,1,1,49,6,5
1658311657,39535340,1,1,1,5,25,0
1658311591,1062797394,1,1,1,4,8,12
1658311449,54000570,1,1,1,32,2,2
1658311454,1062256852,1,1,1,5,3,12
1658311517,1057373549,1,1,1,7,9,6
1658311637,653089942,1,1,1,10,3,8
1658311610,128841079,1,1,1,13,13,11
1658311578,220504949,1,1,1,20,6,4
1658311651,15308712,1,1,1,11,9,2
1658311586,7295,1,1,1,5,7,3
1658311552,27296946,1,1,1,7,11,9
1658311525,653143563,1,1,1,24,1,5
1658311507,443153677,1,1,1,6,14,16
1658311278,265201872,1,1,1,46,4,2
1658311642,66505510,1,1,1,46,16,1
1658311662,66491391,1,1,1,31,0,1
1658311554,1062245074,1,1,1,3,18,4
1658311641,201923447,1,1,1,14,16,3
1658311473,9931940126,1,1,1,28,5,3
1658311465,1057758764,1,1,1,32,2,1
1658311542,653144717,1,1,1,20,2,1
1658311653,42275164,1,1,1,26,6,4
1658311526,125623876,1,1,1,14,1,3
1658311440,85031184,1,1,1,35,15,1
1658311643,97824043,1,1,1,5,12,3
1658311217,66491379,1,1,1,12,0,0
1658311491,39169029,1,1,1,21,0,2
1658311189,35600927,1,1,1,31,3,1
1658311624,100868590,1,1,1,2,15,4
1658311636,54000616,1,1,1,20,6,4
1658311148,27364642,1,1,1,24,1,2
1658311090,66491381,1,1,1,30,1,1
1658311300,49094984,1,1,1,33,0,2
1658311476,77773,1,1,1,25,3,0
1658311568,15463487,1,1,1,17,3,6
1658311068,52518,1,1,1,8,13,0
1658311657,1062874070,1,1,1,34,3,2
1658311629,82574198,1,1,1,2,26,12
1658311640,30730,1,1,1,16,13,3
1658311455,27415389,1,1,1,29,0,0
1658311500,1062802530,1,1,1,12,4,2
1658311498,653091206,1,1,1,29,6,5
1658311191,653042678,1,1,1,19,5,1
1658311533,75345531,1,1,1,2,8,5
1658311647,66505516,1,1,1,15,26,2
1658311590,49341735,1,1,1,37,2,3
1658311448,15309674,1,1,1,19,1,1
1658311490,66491367,1,1,1,5,7,2
1658311503,129023855,1,1,1,21,0,3
1658311546,54000554,1,1,1,23,6,3
1658311475,27414902,1,1,1,14,4,2
1658311491,2515672078,1,1,1,16,2,4
1658311279,35317080,1,1,1,19,1,1
1658311428,27415179,1,1,1,21,1,0
1658311609,653146273,1,1,1,7,14,0
1658311519,1062882947,1,1,1,10,7,4
1658311640,653091677,1,1,1,1,14,8
1658311318,35472299,1,1,1,6,2,4
1658311530,1805255023,1,1,1,7,12,11
1658311661,66489651,1,1,1,9,14,10
1658311645,1057207064,1,1,1,11,2,11
1658311605,39626277,1,1,1,6,4,4
1658311580,213687475,1,1,1,11,2,8
1658311549,1062982815,1,1,1,17,0,1
1658311649,128890772,1,1,1,23,2,2
1658311650,266963426,1,1,1,36,8,6
1658311639,7268,1,1,1,28,2,1
1658311112,1237624420,1,1,1,28,1,1
1658311421,129152818,1,1,1,13,2,4
1658311620,27313492,1,1,1,6,11,9
1658311410,338824395,1,1,1,7,5,3
1658311649,128932790,1,1,1,12,5,12
1658311623,100760396,1,1,1,20,8,1
1658311508,210585225,1,1,1,17,2,0
1658311368,82396562,1,1,1,11,6,2
1658311654,312165511,1,1,1,6,24,5
1658311584,262607058,1,1,1,29,2,2
1658311302,1074095810,1,1,1,15,0,5
1658311611,128880156,1,1,1,18,3,3
1658311104,27415411,1,1,1,22,0,1
1658311482,210387163,1,1,1,24,3,4
1658311619,653150828,1,1,1,5,10,5
1658311628,443654970,1,1,1,26,4,6
1658311122,1063971944,1,1,1,29,0,0
1658311592,15153595,1,1,1,26,4,2
1658311510,54000465,1,1,1,21,4,2
1658311515,471094898,1,1,1,21,2,0
1658311658,66499894,1,1,1,22,7,3
1658311378,100759356,1,1,1,3,5,6
1658311490,1062911162,1,1,1,28,0,0
1658311426,42341698,1,1,1,10,13,18
1658311569,653187900,1,1,1,36,1,2
1658311571,128874528,1,1,1,4,8,2
1658311274,1062827573,1,1,1,28,1,0
1658311330,54000542,1,1,1,9,15,3
1658311475,1074187051,1,1,1,19,5,1
1658311661,331153695,1,1,1,9,7,8
1658311548,1074142878,1,1,1,11,2,7
1658311594,11874261013,1,1,1,2,13,4
1658311649,213680246,1,1,1,28,3,3
1658311641,1064000778,1,1,1,13,39,2
1658311431,1074060095,1,1,1,26,0,1
1658311576,1057290902,1,1,1,34,7,2
1658311363,80419347,1,1,1,14,4,7
1658311202,1063000561,1,1,1,19,0,0
1658311261,213680553,1,1,1,39,12,1
1658311585,1063012692,1,1,1,1,8,10
1658311627,54000538,1,1,1,1,18,9
1658311562,82499609,1,1,1,16,18,1
1658311458,1064008882,1,1,1,17,1,1
1658311576,653152142,1,1,1,16,1,2
1658311615,129029327,1,1,1,1,14,4
1658311146,1063429705,1,1,1,16,3,2
1658311654,478250062,1,1,1,0,12,12
1658311478,1062833975,1,1,1,33,1,0
1658311638,11908510683,1,1,1,8,8,8
1658311384,2515756572,1,1,1,24,5,3
1658311534,1063410400,1,1,1,11,3,8
1658311585,80298493,1,1,1,12,5,8
1658311528,98132679,1,1,1,49,0,0
1658311614,96608796,1,1,1,9,14,3
1658311469,58391194,1,1,1,23,2,1
1658311659,1396728955,1,1,1,15,6,2
1658311613,128878135,1,1,1,23,1,2
1658089182,48800374,1,0,0,14,0,0
1658311557,1063044618,1,1,1,9,19,0
1658311484,1063421211,1,1,1,33,5,2
1658311462,569583918,1,1,1,8,15,21
1658311646,129083553,1,1,1,11,15,4
1658311530,1074204954,1,1,1,0,23,2
1658311585,100767550,1,1,1,28,8,6
1658311473,1074333296,1,1,1,31,9,1
1658311495,11908496227,1,1,1,23,0,0
1658311536,54000537,1,1,1,11,4,1
1658311643,653094517,1,1,1,9,7,16
1658311501,1063984816,1,1,1,18,0,0
1658311626,442739463,1,1,1,1,6,11
1658311657,380891087,1,1,1,27,5,2
1658311656,49423507,1,1,1,12,26,14
1658311550,128834707,1,1,1,13,8,1
1658311587,78374110,1,1,1,5,6,5
1658311464,653097126,1,1,1,24,2,0
1658311542,391845823,1,1,1,24,0,1
1658311561,15433394,1,1,1,34,3,3
1658311489,653140345,1,1,1,23,0,1
1658311465,15290700,1,1,1,15,3,3
1658311660,276989966,1,1,1,1,9,6
1658311628,2515885093,1,1,1,0,15,13
1658311489,54001189,1,1,1,8,13,7
1658311581,653153519,1,1,1,7,5,7
1658311611,39887632,1,1,1,8,11,5
1658311659,581480367,1,1,1,51,14,2
1658311511,6293,1,1,1,8,15,4
1658311417,653072212,1,1,1,17,6,6
1658311626,128843085,1,1,1,11,12,5
1658311358,1063027377,1,1,1,19,0,5
1658311662,653085678,1,1,1,7,12,5
1658311365,6352,1,1,1,6,8,4
1658311659,120564786,1,1,1,27,17,14
1658311642,210386007,1,1,1,1,6,13
1658311591,6245,1,1,1,20,4,3
1658311615,1063053136,1,1,1,4,7,8
1658311579,27414358,1,1,1,3,9,5
1658311553,101751231,1,1,1,35,1,0
1658311551,1074339090,1,1,1,19,2,4
1658311429,1062844489,1,1,1,31,1,1
1658311663,54000596,1,1,1,19,7,7
1658311156,39169877,1,1,1,59,3,4
1658311640,653155159,1,1,1,12,3,6
1658311539,653099465,1,1,1,16,2,13
1658311353,323468705,1,1,1,4,12,4
1658311096,1810975577,1,1,1,29,1,0
1658311598,2705356759,1,1,1,8,8,10
1658311516,35380305,1,1,1,34,1,0
1658311579,100790494,1,1,1,21,3,0
1658311423,653040243,1,1,1,0,18,8
1658311506,1063061372,1,1,1,21,6,7
1658311160,2705290225,1,1,1,25,3,2
1658311646,214019379,1,1,1,6,8,10
1658311398,82574979,1,1,1,19,4,3
1658311353,1599896463,1,1,1,20,2,1
1658311440,1987547083,1,1,1,10,1,19
1658311433,2705338817,1,1,1,13,3,3
1658311451,1074410417,1,1,1,24,2,0
1658311557,1074352578,1,1,1,25,0,0
1658311482,53999465,1,1,1,26,19,21
1658311387,653156540,1,1,1,27,1,7
1658311624,54000573,1,1,1,34,7,3
1658311354,210328645,1,0,0,19,0,0
1658311527,99886640,1,1,1,3,11,9
1658311132,129080400,1,1,1,22,0,1
1658311538,1981490798,1,1,1,14,8,1
1658311622,66491366,1,1,1,16,11,10
1658311505,6297,1,1,1,13,0,2
1658087321,653031913,1,0,0,19,0,0
1658311554,1074428106,1,1,1,13,7,8
1658311370,653102462,1,1,1,11,22,7
1658311357,1057210479,1,1,1,12,2,1
1658311603,27414527,1,1,1,12,2,5
1658311221,653092274,1,1,1,16,5,12
1658311598,208603342,1,1,1,7,9,4
1658311598,311153993,1,1,1,20,7,5
1658311502,632086890,1,1,1,2,17,6
1658311351,653104215,1,1,1,33,0,1
1658311614,54000557,1,1,1,15,2,3
1658311632,653110858,1,1,1,9,12,2
1658311590,653159330,1,1,1,15,9,4
1658311426,49424560,1,1,1,19,14,1
1658311603,653165196,1,1,1,6,19,2
1658311469,1074390359,1,1,1,4,21,4
1658311550,2002864789,1,1,1,3,9,3
1658311571,11146714746,1,1,1,13,8,6
1658311467,11146696292,1,1,1,8,21,2
1658311275,653107480,1,1,1,16,2,3
1658311606,1988517250,1,1,1,10,5,9
1658311316,74864208,1,1,1,24,3,1
1658311647,653166892,1,1,1,5,12,12
1658311455,653106960,1,1,1,0,31,5
1658311652,82468690,1,1,1,51,1,3
1658311511,54000536,1,1,1,1,19,15
1658311663,39565873,1,1,1,19,6,1
1658311584,1074398925,1,1,1,4,9,23
1658311115,12225158518,1,1,1,23,3,1
1658311422,12225289563,1,1,1,25,1,2
1658311561,567884788,1,1,1,1,14,7
1658311417,99950133,1,1,1,53,0,2
1658311587,549480297,1,1,1,0,12,10
1658311329,12196660096,1,1,1,19,4,6
1658311659,653175838,1,1,1,12,0,5
1658311660,84960402,1,1,1,3,30,3
1658311640,2515701705,1,1,1,14,2,4
1658311625,15550433574,1,1,1,28,1,9
1658311077,11218473640,1,1,1,23,0,1
1632509667,54000558,1,0,0,0,0,0
1658311571,653110492,1,1,1,16,10,1
1658311498,102339791,1,1,1,22,3,1
1658311184,52474,1,1,1,20,0,0
1658311649,486750405,1,1,1,13,3,5
1658311661,10773448319,1,1,1,1,16,8
1658311478,11438171152,1,1,1,12,0,10
1658311660,653046369,1,1,1,0,11,15
1658311590,125370566,1,1,1,15,1,1
1658311228,66491396,1,1,1,31,2,13
1658311581,102328355,1,1,1,8,10,2
1658311608,76352106,1,1,1,13,13,4
1658311570,653180903,1,1,1,30,3,1
1658311653,101015227,1,1,1,3,16,15
1658311540,74805344,1,1,1,8,6,13
1658311638,78124875,1,1,1,55,0,0
1658311243,54000578,1,1,1,23,6,3
1658311541,102724418,1,1,1,6,17,1
1658311562,102287315,1,1,1,5,35,2
1658311549,42950428,1,1,1,9,29,12
1658311644,100921894,1,1,1,11,6,0
1658311623,82429586,1,1,1,4,30,4
1658311626,37995,1,1,1,22,19,8
1658311539,653193536,1,1,1,14,3,3
1658311166,54000589,1,1,1,64,1,2
1658311656,74692052,1,1,1,29,2,1
1658311559,35080917,1,1,1,27,1,2
1658311435,89553051,1,1,1,18,2,0
1658311523,11218807773,1,1,1,21,14,8
1658311542,101759167,1,1,1,26,15,4
1658311520,37420,1,1,1,1,7,9
1658311576,27363058,1,1,1,21,1,1
1658311661,66491390,1,1,1,17,16,6
1658311572,653114003,1,1,1,11,10,4
1658311637,27363206,1,1,1,24,3,1
1658311534,54000591,1,1,1,36,1,0
1658311562,49791363,1,1,1,15,3,11
1658311570,7402,1,1,1,9,1,4
1658311576,75352635,1,1,1,0,9,14
1658311544,34836174,1,1,1,21,4,5
1658311605,6354,1,1,1,4,25,3
1628239218,16206842336,0,0,0,0,0,0
1658311489,101022698,1,1,1,14,15,6
1658311650,27415194,1,1,1,34,1,1
1658311102,54000624,1,1,1,20,0,0
1658311553,653114443,1,1,1,7,13,0
1658311607,74635382,1,1,1,16,11,9
1658311653,653190196,1,1,1,26,5,6
1658311571,27363156,1,1,1,20,1,1
1658311576,39776330,1,1,1,14,2,1
1658311571,54000594,1,1,1,15,11,0
1658311651,66491373,1,1,1,1,17,0
1658311643,66491409,1,1,1,18,1,1
1658311354,82583924,1,1,1,28,0,0
1658311507,124183944,1,1,1,36,11,3
1658311661,27363389,1,1,1,19,5,2
1658311417,653184632,1,1,1,31,1,1
1658311497,102751453,1,1,1,22,3,2
1628171945,16206691682,0,0,0,0,0,0
1658311644,35263507,1,1,1,21,0,2
1658311619,58086242,1,1,1,10,0,0
1658311655,82440673,1,1,1,47,2,1
1658311416,27399547,1,1,1,14,5,2
1658311586,54000610,1,1,1,48,18,1
1658311539,13356269,1,1,1,7,14,10
1658311641,54000583,1,1,1,31,3,1
1658311406,63279,1,1,1,12,4,0
1658311619,125918662,1,1,1,19,1,0
1658311511,15163771,1,1,1,14,14,1
1658311280,82571023,1,1,1,43,0,1
1658311603,100893610,1,1,1,39,12,6
1658311624,27363205,1,1,1,32,2,1
1658311441,653197206,1,1,1,6,9,8
1658311656,27415256,1,1,1,11,18,3
1658311483,101488317,1,1,1,33,0,2
1658311654,6497,1,1,1,19,0,1
1658311603,653118283,1,1,1,20,4,1
1658311650,117480156,1,1,1,10,16,14
1658311479,124167835,1,1,1,14,0,4
1658311611,74858883,1,1,1,31,1,0
1658311510,66491384,1,1,1,20,9,5
1658311577,102748267,1,1,1,20,0,3
1658311660,28233012,1,1,1,8,13,9
1658311631,27415371,1,1,1,31,2,2
1658311575,49829553,1,1,1,29,1,0
1658311631,128884445,1,1,1,31,23,6
1658311491,37848502,1,1,1,14,7,4
1658311637,54000552,1,1,1,14,4,12
1658311352,102752610,1,1,1,25,0,2
1658311515,82335295,1,1,1,26,3,1
1658311508,66491382,1,1,1,30,3,3
1658311624,124176568,1,1,1,15,0,1
1658311462,39882420,1,1,1,18,1,3
1658311570,27415360,1,1,1,15,1,2
1658311277,82588494,1,1,1,26,1,1
1658311557,125542925,1,1,1,35,0,1
1658311294,54000547,1,1,1,22,8,4
1658311624,82425449,1,1,1,46,1,3
1658311522,7234,1,1,1,11,12,5
1658311663,85160045,1,1,1,16,5,5
1658311446,35816213,1,1,1,29,4,0
1658311452,82408364,1,1,1,31,1,5
1658311476,653190279,1,1,1,7,12,0
1658311601,82551956,1,1,1,22,8,2
1658311372,66491372,1,1,1,16,28,16
1658311166,82413301,1,1,1,26,11,1
1658311459,80077998,1,1,1,16,0,0
1658311432,13248144,1,1,1,26,6,2
1658311158,54000568,1,1,1,45,0,3
1658311519,39311270,1,1,1,29,3,1
1658311654,54000631,1,1,1,16,6,3
1658311183,99840124,1,1,1,38,5,2
1658311656,54000623,1,1,1,24,0,2
1658311447,653121023,1,1,1,3,10,9
1658311472,76507850,1,1,1,27,2,4
1658311508,101010226,1,1,1,5,13,28
1658311219,653194214,1,1,1,9,8,1
1658311656,11375742,1,1,1,23,1,0
1658311622,27415083,1,1,1,32,16,3
1658311531,27415333,1,1,1,46,8,1
1658311430,66491369,1,1,1,39,7,3
1658311655,27363397,1,1,1,2,8,9
1658311577,39878420,1,1,1,12,6,2
1658311467,27363504,1,1,1,26,3,0
1658311306,27414932,1,1,1,33,4,1
1658311576,14623073464,1,1,1,28,11,7
1658311344,82588656,1,1,1,49,2,1
1658311463,35471668,1,1,1,26,1,2
1658311654,27415500,1,1,1,25,1,0
1658311583,11580442,1,1,1,11,4,2
1658311404,99798962,1,1,1,26,8,1
1658311622,66507230,1,1,1,11,8,0
1658311513,125881065,1,1,1,28,1,3
1658311482,54000627,1,1,1,18,2,1
1658311365,121086415,1,1,1,10,8,5
1658311373,84961467,1,1,1,34,14,6
1658311641,54000629,1,1,1,23,10,3
1658311615,27415004,1,1,1,27,10,0
1658311571,27415128,1,1,1,6,9,3
1658311316,27414937,1,1,1,25,12,0
1658311558,42588096,1,1,1,23,3,1
1658311595,100227241,1,1,1,29,3,3
1658311660,2254322638,1,1,1,14,8,3
1658311609,15377776,1,1,1,29,1,4
1658311109,70736110,1,1,1,33,0,0
1627636430,16210188070,0,0,0,0,0,0
1627545043,16210512714,0,0,0,0,0,0
1658311652,11063317380,1,1,1,1,11,6
1658311618,121160813,1,1,1,21,1,6
1658311651,66491388,1,1,1,14,11,5
1650556299,16043282800,0,0,0,0,0,0
1658311384,15189890802,1,1,1,22,0,2
1658311362,16043242148,1,1,1,14,6,7
1658311652,16043316164,1,1,1,24,2,1
1611403361,16043228469,0,0,0,16,0,0
1658311622,54000628,1,1,1,22,27,7
1658311529,15187848239,1,1,1,9,16,2
1658311578,129095489,1,1,1,20,4,2
1658311661,1057383154,1,1,1,1,42,6
1658311625,218903767,1,1,1,57,3,2
1658311554,37647,1,1,1,24,1,0
1658311469,523900881,1,1,1,44,6,6
1658311571,54000555,1,1,1,13,9,10
1658003859,54000621,1,0,0,56,0,0
1658311589,214097180,1,1,1,0,16,5
1658311474,54000556,1,1,1,19,2,4
1658311497,2515618216,1,1,1,8,15,5
1658311599,1057387136,1,1,1,2,13,15
1658311496,11908488283,1,1,1,9,12,3
1658311663,85123644,1,1,1,24,0,1
1658311545,100863462,1,1,1,44,8,8
1658311576,253357936,1,1,1,45,10,2
1658311655,42517412,1,1,1,23,0,1
1658311556,54000551,1,1,1,8,3,6
1593435140,213699079,1,0,0,67,0,0
1658311513,10647548670,1,1,1,19,0,2
1658311635,15066765479,1,1,1,6,21,9
1658311415,10647608657,1,1,1,7,15,7
1658311636,213676294,1,1,1,1,18,2
1658311494,95073815,1,1,1,5,18,14
1558939179,16134135570,0,0,0,0,0,0
1658311662,16134083337,1,1,1,30,0,0
1658311231,11266280626,1,1,1,21,6,5
1658311499,49039283,1,1,1,16,1,0
1658311169,35642049,1,1,1,4,1,6
1658311619,11851012506,1,1,1,6,19,5
1627456205,16379269732,0,0,0,0,0,0
1658311599,27033125,1,1,1,11,0,3
1658311600,13341879803,1,1,1,7,15,3
1658311387,1074347188,1,1,1,3,11,6
1658311615,2515774908,1,1,1,22,0,0
1658311439,84986959,1,1,1,48,11,2
1658311416,11851103861,1,1,1,20,1,4
1658311133,12806084887,1,1,1,30,8,5
1658311609,123546861,1,1,1,23,0,1
1658311106,12943772652,1,1,1,18,6,7
1658311340,12948189248,1,1,1,20,2,8
1658311572,15826185972,1,1,1,14,0,2
1658311596,82423726,1,1,1,39,19,9
1658311531,252301607,1,1,1,6,9,6
1658311147,12959947458,1,1,1,23,0,0
1658311624,210581084,1,1,1,6,5,13
1658311552,101013666,1,1,1,2,33,15
1658311530,34742973,1,1,1,3,14,5
1658311372,11437761399,1,1,1,21,9,2
1658311532,11438116799,1,1,1,19,17,4
1658311183,11437961617,1,1,1,10,12,3
1658311660,11438049493,1,1,1,20,9,1
1658311602,11437651826,1,1,1,25,2,2
1658311607,11004720021,1,1,1,23,3,0
1653472786,11437706131,0,0,0,26,0,0
1658311653,102335085,1,1,1,4,28,4
1658311223,13373712848,1,1,1,23,0,1
1658311298,13373848216,1,1,1,2,2,21
1658311638,13373801574,1,1,1,10,2,14
1658311117,13373758036,1,1,1,25,0,3
1658311503,129026597,1,1,1,7,7,8
1658311468,478732841,1,1,1,15,0,1
1658311345,1062807847,1,1,1,5,25,9
1658311396,82402482,1,1,1,52,2,1
1658311594,129088667,1,1,1,31,6,1
1658311642,54000604,1,1,1,27,5,2
1658311555,43247738,1,1,1,31,3,0
1658311170,102311820,1,1,1,31,3,1
1658311607,394404659,1,1,1,27,10,6
1658311586,516395829,1,1,1,2,6,6
1658311619,368766689,1,1,1,2,26,5
1658311595,315022587,1,1,1,7,21,36
