"last_reported","station_id","is_installed","is_returning","is_renting","dock_available","mechanical_available","electric_available"
1658354668,213688169,1,1,1,32,3,0
1658354892,653222953,1,1,1,6,5,18
1658354802,516709288,1,1,1,2,8,10
1658354910,36255,1,1,1,20,0,0
1658354837,37815204,1,1,1,2,24,2
1658354938,100769544,1,1,1,41,2,0
1658354918,85002689,1,1,1,27,20,10
1658354938,123095125,1,1,1,42,15,2
1658354393,120827885,1,1,1,11,0,0
1658354694,251039991,1,1,1,23,0,1
1658354844,37874517,1,1,1,18,2,1
1658354934,66491398,1,1,1,5,30,10
1658354628,210403080,1,1,1,14,7,1
1658354759,210561800,1,1,1,14,0,3
1658354917,209063434,1,1,1,11,11,8
1658354869,94555589,1,1,1,8,13,6
1658354847,244498842,1,1,1,37,4,6
1658354753,210405211,1,1,1,17,2,1
1658354925,43195240,1,1,1,15,4,6
1658354665,501862076,1,1,1,16,1,5
1658354729,54000559,1,1,1,33,3,2
1658324557,207633746,1,1,1,49,0,1
1658354928,85043758,1,1,1,27,5,4
1658354809,210566542,1,1,1,58,0,2
1658354886,437597018,1,1,1,24,2,1
1658354917,210565680,1,1,1,25,4,5
1658354621,210397939,1,1,1,16,1,0
1658354930,82405965,1,1,1,17,19,4
1658354849,213682736,1,1,1,30,7,14
1658354941,80101533,1,1,1,33,1,1
1658354609,54000581,1,1,1,18,10,6
1658354430,13105968,1,1,1,19,0,0
1658354501,653208733,1,1,1,29,2,7
1658354815,27415224,1,1,1,21,10,1
1658354535,907054879,1,1,1,1,12,6
1658354829,129094535,1,1,1,35,5,1
1658354867,54000612,1,1,1,37,3,1
1658354858,128986726,1,1,1,32,0,0
1658354779,599135701,1,1,1,33,7,4
1658354925,102747146,1,1,1,16,7,2
1658354608,2515403527,1,1,1,24,4,2
1658354512,653132534,1,1,1,19,3,2
1658354445,506455295,1,1,1,13,0,2
1658354942,1057149522,1,1,1,1,15,5
1658354530,210567545,1,1,1,14,2,1
1658354810,2515085147,1,1,1,2,12,5
1658354659,653197324,1,1,1,20,0,4
1658354926,210408693,1,1,1,23,2,1
1658354924,42950839,1,1,1,15,1,2
1658354797,14813797734,1,1,1,13,10,3
1658354843,88230992,1,1,1,26,1,2
1658354390,499303158,1,1,1,1,16,12
1658354559,27415302,1,1,1,15,7,3
1658354878,27414512,1,1,1,40,0,0
1658354894,210580039,1,1,1,12,2,2
1658354936,49474389,1,1,1,22,0,1
1658354827,128940135,1,1,1,19,1,0
1658354915,35149611,1,1,1,5,7,2
1658354810,1057296253,1,1,1,4,54,4
1658354712,210570888,1,1,1,22,0,0
1658354932,129107656,1,1,1,12,3,7
1658354587,1057228658,1,1,1,1,8,13
1658354809,230873471,1,1,1,16,2,3
1658354467,507934805,1,1,1,23,0,2
1658354923,205047993,1,1,1,41,2,3
1658354713,39799329,1,1,1,33,0,0
1658354708,129164969,1,1,1,21,16,9
1658354779,128989986,1,1,1,27,1,0
1658354929,129004826,1,1,1,14,1,1
1658354601,518825709,1,1,1,20,0,1
1658354706,128930462,1,1,1,27,0,1
1658354821,911767210,1,1,1,22,0,0
1658354800,54000565,1,1,1,21,4,1
1658354868,210586093,1,1,1,21,1,0
1658354826,7254,1,1,1,22,1,1
1658354798,369644630,1,1,1,30,1,0
1658354907,214114469,1,1,1,2,19,11
1658354883,128887067,1,1,1,7,10,2
1658354924,55927887,1,1,1,1,31,4
1658354408,210574471,1,1,1,8,0,5
1658354727,72765603,1,1,1,15,5,0
1658354892,210582921,1,1,1,11,2,1
1658354583,43255030,1,1,1,46,0,1
1658354760,129025451,1,1,1,26,1,0
1658354739,128920403,1,1,1,25,0,1
1658354946,323616530,1,1,1,14,1,1
1658354824,208795867,1,1,1,14,0,3
1658354872,1062192012,1,1,1,6,2,25
1658354924,6296,1,1,1,14,0,1
1658354943,521393180,1,1,1,3,10,7
1658354728,576188379,1,1,1,20,2,1
1658354927,128915891,1,1,1,28,2,1
1658354652,82567101,1,1,1,16,4,2
1652812373,102290754,1,0,0,24,0,0
1658354690,457813746,1,1,1,9,2,4
1658354888,128882438,1,1,1,18,18,3
1658354821,50191171,1,1,1,8,4,10
1658354514,129014600,1,1,1,31,0,2
1658354815,3906153622,1,1,1,1,9,6
1658354866,129087587,1,1,1,9,13,16
1658354771,213693511,1,1,1,20,1,2
1658354647,82379648,1,1,1,29,0,1
1658354879,66491397,1,1,1,50,5,2
1658354655,907081682,1,1,1,0,0,0
1658354937,230877798,1,1,1,28,0,6
1658354558,2515995748,1,1,1,21,0,1
1658354789,27363162,1,1,1,20,1,2
1658354799,129021753,1,1,1,15,2,0
1658354914,210740080,1,1,1,44,2,2
1658354923,54000569,1,1,1,13,25,0
1658354559,80216231,1,1,1,36,3,0
1658354742,336511521,1,1,1,17,0,0
1658354932,129043651,1,1,1,6,12,3
1658354786,82562556,1,1,1,3,39,4
1658354900,129048000,1,1,1,19,19,7
1658354792,1062250686,1,1,1,26,4,6
1658354847,261987383,1,1,1,17,0,8
1658354944,813544903,1,1,1,4,22,3
1658354844,126050442,1,1,1,17,3,2
1658354918,27363489,1,1,1,0,10,15
1658354926,39296638,1,1,1,35,0,0
1658354899,205938683,1,1,1,46,1,6
1658354757,210399835,1,1,1,36,1,1
1658354752,1057324291,1,1,1,49,4,2
1658354658,102324803,1,1,1,35,0,4
1658354682,101763163,1,1,1,0,8,4
1658354816,653133605,1,1,1,3,30,10
1658354811,3906094706,1,1,1,6,10,15
1658354783,27414578,1,1,1,15,0,0
1658354929,508042092,1,1,1,0,31,3
1658354886,42603855,1,1,1,16,0,1
1658354708,818302209,1,1,1,36,6,4
1658354886,13718041,1,1,1,16,3,5
1658354804,265464297,1,1,1,45,2,3
1658354894,1057392676,1,1,1,2,21,11
1658354934,102309973,1,1,1,23,2,16
1658354789,532054446,1,1,1,46,8,1
1658354717,129034587,1,1,1,16,0,0
1658354916,314829539,1,1,1,16,8,23
1658354876,586539770,1,1,1,17,1,4
1658354926,3906335682,1,1,1,15,7,2
1658354946,583539396,1,1,1,9,3,11
1658354395,101753100,1,1,1,16,0,0
1658354875,27415466,1,1,1,18,1,1
1658354511,52393,1,1,1,49,0,1
1658354940,81081358,1,1,1,14,14,11
1658354911,66491385,1,1,1,2,13,8
1658354907,209057581,1,1,1,7,1,10
1658354684,66491389,1,1,1,52,3,1
1658354557,210749865,1,1,1,7,8,2
1658354677,535500589,1,1,1,60,0,3
1658354862,597245295,1,1,1,0,20,15
1658354761,213684314,1,1,1,12,8,2
1658354806,235513935,1,1,1,23,1,3
1658354913,27206194,1,1,1,13,3,1
1658354823,102323152,1,1,1,12,6,0
1658354941,129060764,1,1,1,21,4,2
1658354856,828134511,1,1,1,27,2,1
1658354550,586649404,1,1,1,2,9,13
1658354597,596813170,1,1,1,8,0,7
1658354639,596872103,1,1,1,20,0,10
1658354825,271426439,1,1,1,2,13,4
1658354808,27363187,1,1,1,26,4,13
1658354942,76199461,1,1,1,19,5,8
1658354898,230952057,1,1,1,0,20,12
1658354721,37815993,1,1,1,26,4,3
1658354823,88140066,1,1,1,64,0,1
1658354865,213683101,1,1,1,0,16,2
1658354930,213684750,1,1,1,25,5,3
1658354938,129067920,1,1,1,30,0,9
1658354888,2515049357,1,1,1,23,0,1
1658354640,27364743,1,1,1,12,4,4
1658354867,102314792,1,1,1,25,2,5
1658354877,35447568,1,1,1,13,3,6
1658354578,129038848,1,1,1,16,0,0
1658354817,27415736,1,1,1,20,3,5
1658354900,583178525,1,1,1,6,1,13
1658354728,2514995690,1,1,1,29,1,0
1658354878,82387816,1,1,1,31,0,1
1658354797,213685090,1,1,1,16,12,0
1658354738,301841024,1,1,1,6,9,13
1658354893,66491402,1,1,1,16,8,7
1658354877,213679512,1,1,1,11,5,9
1658354675,588452142,1,1,1,8,6,9
1658354400,85147829,1,1,1,23,2,1
1658354904,213681356,1,1,1,15,1,4
1658354832,2515351285,1,1,1,2,19,5
1658354575,213685514,1,1,1,19,2,2
1658354857,102329800,1,1,1,14,8,4
1658354632,54000625,1,1,1,29,0,2
1658354591,572566600,1,1,1,11,5,13
1658354708,213911772,1,1,1,45,7,4
1658354862,129132870,1,1,1,12,10,1
1658354869,620403530,1,1,1,0,14,6
1658354933,66491378,1,1,1,6,40,5
1658354934,631773910,1,1,1,0,19,6
1658354733,1765749389,1,1,1,4,4,5
1658354657,611152693,1,1,1,22,1,4
1658354945,235241110,1,1,1,16,38,6
1658354832,613737748,1,1,1,0,24,7
1658354945,41498023,1,1,1,8,13,2
1658354886,1062671597,1,1,1,17,1,5
1658354833,213945171,1,1,1,8,3,11
1658172380,463297497,1,1,1,20,0,0
1658354690,213875650,1,1,1,2,14,8
1658354817,245187072,1,1,1,13,1,4
1658354826,129144878,1,1,1,17,6,4
1658354925,27415665,1,1,1,32,3,5
1658354354,593238093,1,1,1,23,0,0
1658354799,102331767,1,1,1,17,15,1
1658354733,37791,1,1,1,20,14,1
1658354468,50156117,1,1,1,17,3,2
1658327661,15462236,1,1,1,29,1,2
1658354821,129093478,1,1,1,22,1,3
1658354853,35908,1,1,1,16,0,0
1658354941,210744286,1,1,1,11,23,10
1658354886,101024234,1,1,1,34,19,2
1658354758,213992316,1,1,1,46,0,3
1658354903,213694482,1,1,1,13,1,6
1658354773,129011497,1,1,1,17,3,1
1658354829,101743895,1,1,1,14,44,6
1658354946,213691848,1,1,1,35,5,2
1658354857,210396518,1,1,1,9,2,5
1658354930,97677210,1,1,1,16,27,4
1658354945,39254792,1,1,1,11,29,6
1658354837,213683992,1,1,1,35,12,1
1658354903,54000601,1,1,1,5,6,5
1658354593,27362896,1,1,1,24,1,0
1658354744,213687140,1,1,1,16,8,9
1658354821,235599121,1,1,1,10,8,6
1658354552,213680917,1,1,1,22,2,1
1658354599,1057774603,1,1,1,28,1,3
1658354842,213688462,1,1,1,37,1,0
1658354777,102749572,1,1,1,44,2,3
1658354940,549876068,1,1,1,34,3,9
1658354889,390212609,1,1,1,1,25,4
1658354807,63498079,1,1,1,21,3,1
1658354936,102338493,1,1,1,15,5,8
1658354842,875078767,1,1,1,12,0,8
1658354666,210573120,1,1,1,32,0,1
1658354437,1558958733,1,1,1,24,0,2
1658354741,2515802454,1,1,1,22,2,1
1658354926,648227675,1,1,1,31,3,6
1658354851,42566291,1,1,1,30,0,2
1658354895,1062206433,1,1,1,14,0,5
1658354943,129032910,1,1,1,16,32,3
1658354940,647826568,1,1,1,8,21,1
1658354929,54000577,1,1,1,0,16,11
1658354934,54001024,1,1,1,27,11,11
1658354860,94250567,1,1,1,2,36,15
1658354868,129078200,1,1,1,18,8,2
1658354798,649888071,1,1,1,2,8,8
1658354595,82563707,1,1,1,23,7,2
1658354884,129143598,1,1,1,27,1,0
1658354851,213690847,1,1,1,30,5,2
1658354843,102333275,1,1,1,0,33,1
1658354917,640629438,1,1,1,2,11,7
1658354896,82328045,1,1,1,21,0,0
1658354800,27363362,1,1,1,17,1,1
1658354764,237624030,1,1,1,32,2,0
1658354883,213957917,1,1,1,24,0,2
1658354802,54000626,1,1,1,15,4,3
1658354460,6399,1,1,1,25,3,5
1658354925,210746090,1,1,1,30,13,4
1658354739,27414841,1,1,1,28,1,0
1658354670,82253759,1,1,1,24,1,2
1658354946,82457375,1,1,1,12,16,1
1658354732,54000609,1,1,1,10,9,14
1515739220,27415512,1,0,0,35,0,0
1658354923,49859500,1,1,1,3,14,0
1658354730,214139374,1,1,1,13,3,13
1658354673,213702608,1,1,1,18,1,0
1658354730,559507144,1,1,1,2,5,17
1658354872,213700358,1,1,1,7,1,12
1658354471,653063170,1,1,1,36,1,1
1658354918,3906215030,1,1,1,32,1,5
1658354867,129151834,1,1,1,26,5,10
1658354599,237041013,1,1,1,15,2,2
1658354772,54000553,1,1,1,33,0,0
1658354815,653200142,1,1,1,30,5,1
1658354841,650091839,1,1,1,0,18,7
1658354716,362869414,1,1,1,23,2,0
1658354784,55664548,1,1,1,12,18,1
1658354901,100859941,1,1,1,49,1,1
1658354945,49368561,1,1,1,22,27,3
1658354937,42743053,1,1,1,2,14,18
1658354861,213699913,1,1,1,13,3,6
1658354798,101740379,1,1,1,34,4,3
1658354888,4329844165,1,1,1,25,1,5
1658354861,213694069,1,1,1,9,10,7
1655990886,214134714,1,0,0,26,0,0
1658354916,468843711,1,1,1,21,2,0
1658354750,378626842,1,1,1,38,2,9
1658354828,27414945,1,1,1,1,10,5
1658354842,210090269,1,1,1,20,31,8
1658354672,376664868,1,1,1,16,4,10
1658354834,2515927759,1,1,1,2,15,10
1658354806,205955605,1,1,1,35,0,0
1658354592,933214552,1,1,1,15,8,0
1658354835,66491370,1,1,1,26,1,0
1658354817,353462947,1,1,1,11,10,7
1658354922,1559700274,1,1,1,4,4,11
1658354936,39217683,1,1,1,1,20,4
1658354612,213688824,1,1,1,30,0,2
1658354580,82337423,1,1,1,46,1,0
1658354814,66491404,1,1,1,10,6,4
1658354700,652120758,1,1,1,47,5,5
1658354902,66491393,1,1,1,21,21,4
1658354875,1062223873,1,1,1,15,6,2
1658354830,49085250,1,1,1,1,6,10
1658354929,376526598,1,1,1,43,0,3
1658354742,27071684,1,1,1,17,6,10
1658354884,2515907297,1,1,1,11,6,0
1658354708,66491401,1,1,1,25,29,2
1658354467,341388492,1,1,1,43,1,1
1658354885,985828965,1,1,1,2,30,7
1658354586,338762459,1,1,1,3,16,7
1658354931,323486248,1,1,1,1,6,6
1658354943,66491392,1,1,1,18,22,3
1658354846,478952881,1,1,1,2,18,4
1658354856,501318622,1,1,1,4,12,8
1658354945,38263504,1,1,1,0,18,5
1658354537,470807791,1,1,1,30,0,2
1658354477,82445192,1,1,1,28,6,2
1658354878,2515658032,1,1,1,9,7,3
1658354786,568135465,1,1,1,35,1,2
1657840010,570185777,1,0,0,0,0,0
1658354634,214102967,1,1,1,42,0,1
1658354893,54000597,1,1,1,6,13,2
1658354846,82417874,1,1,1,27,19,5
1658354880,102319838,1,1,1,15,0,0
1658354838,652192395,1,1,1,31,32,3
1658354920,571923059,1,1,1,23,13,10
1658354937,66491405,1,1,1,9,14,1
1658354697,54000635,1,1,1,24,2,5
1658354909,54000544,1,1,1,21,17,1
1658354859,1062179194,1,1,1,19,3,3
1658354605,1063017616,1,1,1,9,9,3
1658354754,378648513,1,1,1,13,16,6
1658354920,27278603,1,1,1,12,6,5
1658354499,13497763,1,1,1,21,0,2
1658354668,653042442,1,1,1,37,0,2
1658354602,49807107,1,1,1,13,0,4
1658354861,82450803,1,1,1,35,18,5
1658354702,210747224,1,1,1,48,1,0
1658354908,210568512,1,1,1,62,1,0
1658354420,213691542,1,1,1,51,0,1
1658354930,357409723,1,1,1,10,13,7
1658354870,2515855808,1,1,1,32,1,1
1658354716,384370499,1,1,1,3,14,8
1658354839,49403716,1,1,1,26,1,0
1658354869,54000571,1,1,1,1,43,9
1658354779,473204291,1,1,1,24,5,2
1658354876,27363103,1,1,1,24,6,3
1658354935,85145704,1,1,1,9,6,10
1658354813,653044270,1,1,1,13,2,2
1658354876,26958435,1,1,1,23,0,2
1658354893,6385,1,1,1,17,0,4
1658354798,213857398,1,1,1,4,3,7
1658354499,82550925,1,1,1,15,12,10
1658354635,27363096,1,1,1,0,22,9
1658354739,85165045,1,1,1,10,9,5
1658354674,129119449,1,1,1,11,0,7
1658354888,475524450,1,1,1,4,9,10
1658354799,653048150,1,1,1,34,5,0
1658354870,244400797,1,1,1,6,4,11
1658354789,213922790,1,1,1,46,0,3
1658354516,129001431,1,1,1,30,0,1
1658354891,210753033,1,1,1,7,4,2
1658354707,653203262,1,1,1,7,10,2
1658354934,406806401,1,1,1,2,17,7
1658354908,85143075,1,1,1,25,0,5
1658354896,1063035479,1,1,1,6,9,8
1658354934,54000595,1,1,1,3,10,22
1658354541,82571110,1,1,1,24,2,0
1658354419,54000582,1,1,1,25,1,0
1658354739,217235307,1,1,1,11,9,5
1658354674,210748575,1,1,1,31,17,3
1658354624,82421994,1,1,1,13,14,7
1658354799,214123470,1,1,1,0,16,8
1658235493,129086648,1,1,1,29,7,6
1658354882,217572769,1,1,1,19,2,6
1658354901,214298601,1,1,1,9,13,1
1658354935,129125489,1,1,1,2,0,19
1658354804,214122655,1,1,1,27,0,3
1658354912,15461933,1,1,1,18,0,0
1658354873,82458977,1,1,1,14,4,4
1658354910,129077035,1,1,1,46,1,3
1658354681,221047138,1,1,1,13,0,4
1658354715,15308782,1,1,1,30,4,0
1658354412,216473073,1,1,1,14,1,3
1658354894,37521,1,1,1,13,0,1
1642540077,35196898,1,0,0,27,0,0
1658354782,653046029,1,1,1,27,3,2
1658354702,2515976231,1,1,1,12,3,4
1658354817,129103849,1,1,1,6,2,12
1658354699,1057009034,1,1,1,16,1,10
1658354909,82334007,1,1,1,4,39,4
1658354946,214146056,1,1,1,21,4,2
1658354844,85008390,1,1,1,38,30,2
1658354590,216039437,1,1,1,23,0,1
1658354935,215495494,1,1,1,45,0,1
1658354907,43155320,1,1,1,42,2,3
1658354925,129130397,1,1,1,0,16,5
1658354873,653129412,1,1,1,14,7,7
1658354844,54000634,1,1,1,16,8,1
1658354698,419381597,1,1,1,42,5,3
1658354664,54000548,1,1,1,26,1,1
1658354704,54000466,1,1,1,27,1,1
1658354882,426772876,1,1,1,2,25,3
1658354757,74620630,1,1,1,16,4,6
1658354837,129091653,1,1,1,29,4,1
1658354623,100905057,1,1,1,21,1,1
1658354931,129134084,1,1,1,8,13,3
1658354901,210754072,1,1,1,0,31,4
1658354708,419991048,1,1,1,46,1,3
1658354740,2820744873,1,1,1,18,5,6
1658354633,213676825,1,1,1,40,8,3
1658354898,15299574,1,1,1,9,33,5
1658354936,41566122,1,1,1,20,25,4
1658354931,963786819,1,1,1,15,7,8
1658354882,427678168,1,1,1,40,1,4
1658354929,976762284,1,1,1,22,2,4
1658354776,213686196,1,1,1,17,1,0
1658354931,11004671601,1,1,1,12,4,10
1658354785,27414601,1,1,1,39,1,2
1658354874,129036192,1,1,1,9,4,0
1658354698,82421013,1,1,1,2,28,3
1658354701,434419150,1,1,1,34,0,1
1658354937,252339799,1,1,1,23,1,4
1658354869,224589573,1,1,1,7,9,1
1658354736,220502135,1,1,1,11,22,1
1658354770,129114993,1,1,1,30,0,2
1658354839,129124069,1,1,1,15,0,6
1658354873,221094844,1,1,1,18,4,1
1658354778,220726050,1,1,1,50,3,1
1658354932,254224239,1,1,1,32,25,4
1658354702,1805401614,1,1,1,18,7,0
1658354939,129116697,1,1,1,14,2,2
1658354917,977409509,1,1,1,26,4,6
1658354938,653055049,1,1,1,32,0,1
1658354848,221041655,1,1,1,45,3,5
1658354600,1057769632,1,1,1,12,4,10
1658354451,1333959209,1,1,1,3,8,8
1658354905,213690256,1,1,1,45,0,1
1658354912,476183970,1,1,1,38,0,1
1658354655,632007124,1,1,1,32,2,2
1658354917,977206088,1,1,1,2,15,12
1658354377,213868408,1,1,1,23,1,5
1658354732,129061615,1,1,1,27,0,2
1658354940,43165673,1,1,1,2,18,14
1658354837,82381710,1,1,1,12,1,0
1658354918,224598098,1,1,1,22,26,2
1658354857,10968855,1,1,1,11,0,5
1658354718,82508970,1,1,1,4,12,8
1658354857,653055097,1,1,1,21,0,1
1658354617,221038698,1,1,1,24,0,2
1658354548,27246227,1,1,1,9,12,2
1658354899,63297,1,1,1,2,13,5
1658354850,95927849,1,1,1,5,15,4
1658354423,102341385,1,1,1,16,2,3
1658354908,54000605,1,1,1,18,6,16
1658354898,979059925,1,1,1,14,4,11
1658354426,6512,1,1,1,13,0,2
1658354725,27363323,1,1,1,28,0,4
1658354902,85118872,1,1,1,25,1,11
1658354944,102289046,1,1,1,1,16,5
1658354489,124402232,1,1,1,35,0,5
1658354884,985086307,1,1,1,1,14,7
1658354939,27415327,1,1,1,23,2,0
1658354893,100798076,1,1,1,13,8,0
1658354795,15298647,1,1,1,28,7,1
1658354928,1063404053,1,1,1,10,1,9
1613034881,76199110,1,0,0,0,0,0
1658354890,54000598,1,1,1,22,1,1
1658354893,2515829865,1,1,1,11,7,3
1658354813,989753852,1,1,1,3,12,4
1658354849,990000217,1,1,1,1,11,4
1658354861,121025345,1,1,1,12,1,0
1658354893,213692714,1,1,1,15,1,7
1658354940,82577019,1,1,1,18,6,3
1658354717,39256416,1,1,1,28,11,6
1658354612,255207155,1,1,1,17,2,1
1658354744,63769334,1,1,1,14,10,12
1658354900,129136818,1,1,1,10,4,9
1658354899,37936869,1,0,0,35,0,0
1658354869,27415469,1,1,1,9,3,11
1658354585,39599631,1,1,1,20,0,2
1658354389,84979504,1,1,1,21,3,1
1658354812,85120104,1,1,1,8,2,5
1658252503,653059015,1,1,1,13,9,7
1658354942,101748685,1,1,1,11,20,11
1658354665,54000608,1,1,1,49,0,2
1658354685,653080986,1,1,1,7,0,0
1658354769,102743096,1,1,1,17,1,8
1658354928,66491394,1,1,1,19,19,1
1658354917,126175087,1,1,1,9,8,5
1658354713,101746493,1,1,1,24,22,7
1658354552,27363137,1,1,1,17,1,4
1658354817,339797666,1,1,1,8,9,8
1658354907,1968156458,1,1,1,2,26,5
1658354858,82404497,1,1,1,4,29,3
1658354941,991351798,1,1,1,17,3,3
1658354821,7304,1,1,1,14,0,0
1658354685,54000592,1,1,1,29,6,0
1658354901,54000572,1,1,1,1,16,3
1658354776,15409531,1,1,1,13,1,2
1658354680,29327,1,1,1,1,5,15
1658354456,36298,1,1,1,13,0,2
1658354937,37903195,1,1,1,15,5,7
1658354393,102313219,1,1,1,25,5,4
1658354924,100906707,1,1,1,25,12,5
1658354853,624177860,1,1,1,31,9,8
1658354909,66491407,1,1,1,20,1,1
1658354840,27369223,1,1,1,16,0,0
1658354908,102336814,1,1,1,7,10,1
1658354626,484423835,1,1,1,10,13,3
1658354901,54000618,1,1,1,0,7,11
1658354748,653059879,1,1,1,24,9,6
1658354848,210583589,1,1,1,13,14,2
1658354929,653050378,1,1,1,29,2,1
1658354466,15291968,1,1,1,13,1,0
1658354906,126354477,1,1,1,15,1,2
1658354897,15387809,1,1,1,55,3,4
1658354922,1002059045,1,1,1,25,0,1
1658354767,1002738770,1,1,1,22,1,3
1658354867,100918666,1,1,1,15,1,3
1658354932,213987795,1,1,1,36,0,2
1658354682,15397468,1,1,1,19,26,1
1658354657,129101773,1,1,1,20,1,20
1658354721,84966359,1,1,1,24,0,1
1658354823,42908639,1,1,1,24,2,2
1658354927,125469898,1,1,1,21,5,7
1658354893,35137730,1,1,1,45,4,1
1658354852,52329,1,1,1,29,4,3
1658354816,42499285,1,1,1,40,1,1
1658354801,85162552,1,1,1,32,2,9
1655504532,88235134,1,0,0,0,0,0
1658354830,2515738489,1,1,1,4,10,5
1658354934,256561528,1,1,1,3,34,4
1658354494,452920451,1,1,1,21,0,2
1658354923,37920,1,1,1,11,22,1
1658354901,54000588,1,1,1,62,1,3
1658354841,1020700136,1,1,1,12,5,2
1658354844,100855693,1,1,1,23,1,0
1658354687,54000549,1,1,1,14,1,1
1658354794,54000586,1,1,1,7,17,6
1658354739,102304517,1,1,1,42,1,1
1658354924,128889359,1,1,1,22,14,2
1658354867,54000546,1,1,1,31,0,0
1658354886,129042700,1,1,1,44,12,3
1658354695,101761298,1,1,1,37,5,3
1658354922,912377361,1,1,1,1,35,5
1658354615,256124192,1,1,1,19,13,8
1658354507,27364581,1,1,1,23,0,2
1658354663,653127524,1,1,1,19,6,4
1658354401,2515686699,1,1,1,21,0,4
1658354945,210737808,1,1,1,17,2,3
1658354470,259977414,1,1,1,1,17,3
1658354941,82568336,1,1,1,18,1,6
1658354876,1021176825,1,1,1,4,15,3
1658354933,54000611,1,1,1,20,1,3
1658354894,66491408,1,1,1,20,0,10
1658354807,100872260,1,1,1,27,13,0
1658354892,36151,1,1,1,15,0,1
1658354878,213848056,1,1,1,1,50,1
1658354704,452936197,1,1,1,49,8,2
1658354876,54000545,1,1,1,39,25,1
1658354924,66505511,1,1,1,28,0,0
1658354839,224256188,1,1,1,23,1,3
1658354930,66491386,1,1,1,54,2,0
1658354753,1023083417,1,1,1,17,1,0
1658354714,54000539,1,1,1,32,2,2
1658354739,1025995767,1,1,1,2,10,8
1658354473,101490103,1,1,1,22,0,1
1658354922,82432573,1,1,1,35,8,6
1658354929,1021553839,1,1,1,31,3,1
1658354927,54000541,1,1,1,25,3,1
1658354879,653065577,1,1,1,28,0,0
1658354474,1034242363,1,1,1,31,1,0
1658354877,335780498,1,1,1,29,2,0
1658354730,256403519,1,1,1,15,2,2
1658354764,484387018,1,1,1,27,1,1
1658354794,544249939,1,1,1,49,0,0
1658354669,1035816937,1,1,1,21,3,3
1658354831,66507229,1,1,1,20,4,1
1658354853,27415012,1,1,1,63,2,0
1658354886,263610599,1,1,1,29,5,10
1658354925,49772483,1,1,1,12,0,6
1658354751,653066427,1,1,1,21,3,2
1658354863,129089749,1,1,1,14,13,4
1658354893,100770878,1,1,1,7,15,2
1658354847,27415297,1,1,1,28,9,14
1658354825,54000607,1,1,1,11,6,2
1658354896,13283986,1,1,1,0,30,3
1658354826,100910836,1,1,1,7,30,6
1658354891,6515,1,1,1,28,0,1
1658354754,41523981,1,1,1,2,27,3
1658354746,1034247348,1,1,1,24,2,6
1658354774,39536951,1,1,1,4,16,12
1658354906,35089539,1,1,1,6,8,8
1658354702,27415169,1,1,1,11,9,2
1658354909,15412563,1,1,1,13,9,0
1658354877,30179848,1,1,1,17,3,5
1658354802,27363029,1,1,1,1,20,11
1658354827,484889494,1,1,1,3,14,7
1658354801,27363256,1,1,1,23,0,0
1658354778,100902274,1,1,1,34,1,0
1658354930,15414455,1,1,1,31,2,1
1658354805,27415285,1,1,1,20,0,3
1658354918,78348185,1,1,1,6,14,30
1658354525,36003,1,1,1,20,0,0
1658354903,27415215,1,1,1,18,5,2
1658354773,263732151,1,1,1,10,14,9
1658354862,1036199130,1,1,1,1,13,5
1658354905,129161858,1,1,1,17,1,11
1658354639,653035822,1,1,1,28,0,0
1658354740,27414460,1,1,1,33,1,2
1658354878,76488849,1,1,1,32,3,0
1658354930,66505513,1,1,1,30,1,0
1658354932,129050965,1,1,1,11,5,2
1658354802,66491368,1,1,1,49,0,1
1658354798,82419429,1,1,1,9,26,4
1658354859,349750111,1,1,1,28,0,2
1658354649,52453,1,1,1,22,2,1
1658354431,210389577,1,1,1,15,0,1
1658354659,15401095,1,1,1,18,25,2
1658354922,1055553396,1,1,1,4,9,1
1658354741,210394523,1,1,1,31,1,1
1658354627,1036226943,1,1,1,27,1,5
1658354933,1056959071,1,1,1,20,17,5
1658354930,60667075,1,1,1,22,0,0
1658354945,66491371,1,1,1,30,1,0
1658354663,486833337,1,1,1,32,1,0
1658354571,1055541632,1,1,1,5,21,15
1658354721,75313725,1,1,1,23,5,4
1658354946,606669250,1,1,1,16,13,7
1658354922,653069115,1,1,1,22,2,9
1658354872,15383032,1,1,1,38,0,0
1658354822,54000561,1,1,1,31,0,0
1658354871,54001190,1,1,1,19,2,5
1658354709,460558111,1,1,1,0,17,2
1658354780,82569809,1,1,1,20,2,0
1658354648,11851037297,1,1,1,26,1,6
1658354897,266052390,1,1,1,9,5,13
1658354773,37952191,1,1,1,24,5,2
1658354651,34300292,1,1,1,23,1,0
1658354816,82554786,1,1,1,21,1,8
1658354868,268976295,1,1,1,25,4,3
1658354800,27415444,1,1,1,24,0,6
1658354725,84983562,1,1,1,31,8,10
1658354751,129081441,1,1,1,13,6,1
1658354760,653073004,1,1,1,31,12,4
1658354889,1056986761,1,1,1,48,4,2
1658354946,41610121,1,1,1,0,23,3
1658354785,82566934,1,1,1,32,16,5
1658354872,128936618,1,1,1,30,2,2
1658354932,35106544,1,1,1,34,12,5
1658354826,267976590,1,1,1,61,5,0
1658354554,1056965116,1,1,1,46,2,2
1658354766,54000630,1,1,1,8,9,6
1658354776,54000567,1,1,1,10,19,4
1658354943,1599921040,1,1,1,23,2,4
1658354859,129096696,1,1,1,1,3,9
1658354930,82590367,1,1,1,51,3,1
1658354759,82573931,1,1,1,16,12,8
1658354891,82436057,1,1,1,10,7,5
1658354851,43219958,1,1,1,38,0,0
1658354893,269953055,1,1,1,1,21,6
1658354902,82448637,1,1,1,24,14,6
1658354664,271540743,1,1,1,6,10,7
1658354675,452347778,1,1,1,1,15,3
1658354890,13372702,1,1,1,31,0,2
1658354913,1599931563,1,1,1,13,5,10
1658354782,15411223,1,1,1,16,4,4
1658354904,85152599,1,1,1,18,23,4
1658354869,284711589,1,1,1,10,6,1
1658354365,30550,1,1,1,22,1,1
1658354784,478593396,1,1,1,6,1,9
1658354833,213675430,1,1,1,0,44,3
1658354611,462875227,1,1,1,12,8,4
1658354940,213693126,1,1,1,15,2,5
1658354874,363735875,1,1,1,0,12,5
1658354370,265266148,1,1,1,15,7,2
1658354377,357491025,1,1,1,22,0,0
1658354849,457713145,1,1,1,31,7,3
1658354708,392576677,1,1,1,15,5,3
1658354716,66491406,1,1,1,38,6,3
1658354459,338853596,1,1,1,24,0,2
1658354681,1056995858,1,1,1,15,5,9
1658354917,27414924,1,1,1,10,7,5
1658354859,390075668,1,1,1,32,3,4
1658354931,54000550,1,1,1,21,9,1
1658354613,1056972307,1,1,1,43,2,3
1658354770,653217067,1,1,1,9,1,8
1658354945,1109534105,1,1,1,0,2,18
1658354742,124390478,1,1,1,11,3,3
1658354939,365181481,1,1,1,13,34,6
1658354700,653076373,1,1,1,28,5,1
1653895841,11851327865,0,0,0,30,0,0
1658354880,52456,1,1,1,23,0,5
1658354487,15310509,1,1,1,14,1,1
1658354942,275968458,1,1,1,54,1,3
1658354901,213995665,1,1,1,18,3,7
1658354833,1056979685,1,1,1,22,2,1
1658354465,128928526,1,1,1,11,0,3
1658354884,27415123,1,1,1,0,16,11
1658354553,287096529,1,1,1,41,0,1
1658354885,97705710,1,1,1,5,28,4
1658354944,13242682,1,1,1,29,1,1
1658354782,278576043,1,1,1,9,2,6
1658354646,213695073,1,1,1,30,0,3
1658354654,284708999,1,1,1,28,8,1
1658354779,653079520,1,1,1,10,4,5
1658354610,653076393,1,1,1,17,7,9
1658354932,129069108,1,1,1,25,11,3
1597371137,213936755,1,0,0,49,0,0
1658354815,30641281,1,1,1,9,8,4
1658354675,54000593,1,1,1,36,1,1
1658354774,27362949,1,1,1,22,2,5
1658354945,1057003116,1,1,1,2,26,1
1658354858,285726279,1,1,1,23,0,1
1652035916,41587607,1,0,0,30,0,0
1658354941,285454061,1,1,1,5,0,10
1658354916,213686471,1,1,1,21,0,3
1658354890,7261,1,1,1,16,2,2
1658354818,291354793,1,1,1,48,0,1
1658354775,213685863,1,1,1,46,3,0
1658354903,653062048,1,1,1,24,1,0
1658354930,1062812659,1,1,1,47,7,2
1658354748,653079135,1,1,1,0,4,9
1658354653,38319086,1,1,1,30,4,2
1658354698,653129435,1,1,1,13,0,2
1658354901,221032834,1,1,1,44,1,3
1658354757,124622630,1,1,1,24,12,1
1658354903,594942659,1,1,1,17,0,1
1658354881,96512532,1,1,1,14,1,1
1658354598,362178041,1,1,1,16,4,7
1658354737,100783424,1,1,1,3,61,5
1658354611,27415524,1,1,1,20,1,1
1658354831,422639331,1,1,1,22,2,5
1658354868,1057061349,1,1,1,17,10,4
1658354943,292871105,1,1,1,20,0,1
1658354799,38280,1,1,1,15,1,1
1658354415,653125838,1,1,1,24,2,2
1658354785,476053320,1,1,1,21,2,1
1658354945,129121741,1,1,1,17,16,15
1658354798,404947652,1,1,1,14,18,1
1658354920,129142199,1,1,1,14,1,15
1658354878,210584503,1,1,1,11,1,0
1658354429,42541542,1,1,1,33,0,0
1658354864,27363558,1,1,1,0,22,6
1658354380,214109662,1,1,1,17,1,2
1658354676,653122771,1,1,1,1,15,7
1658354828,35147530,1,1,1,8,11,2
1658354706,1057081237,1,1,1,17,2,4
1658354893,101756482,1,1,1,17,22,9
1658354926,1057179405,1,1,1,13,4,12
1658354919,653135400,1,1,1,1,15,9
1658354753,213689228,1,1,1,39,1,2
1658354715,409364001,1,1,1,9,6,3
1658354764,129079313,1,1,1,36,2,4
1658354797,129135654,1,1,1,0,24,7
1658354870,653080383,1,1,1,8,32,7
1658354904,1057039016,1,1,1,5,7,8
1658354601,1057045129,1,1,1,19,19,2
1658354873,1190800638,1,1,1,16,2,4
1658354763,302725495,1,1,1,38,3,10
1658354642,303102719,1,1,1,2,5,4
1658354896,27363277,1,1,1,31,3,4
1658354931,6295,1,1,1,5,16,0
1658354931,303452950,1,1,1,19,6,8
1658354478,54000617,1,1,1,16,3,1
1526880629,213691137,1,0,0,30,0,0
1658354652,653131074,1,1,1,18,2,5
1658354901,308082350,1,1,1,16,1,0
1658354862,653126035,1,1,1,1,6,11
1658354780,36473,1,0,0,12,1,0
1658354929,210745258,1,1,1,7,31,9
1658354645,37921892,1,1,1,22,0,1
1658354420,457834134,1,1,1,27,0,1
1658354765,653123610,1,1,1,24,11,0
1658354922,35101194,1,1,1,0,26,3
1658354848,54000615,1,1,1,28,1,0
1658354446,135806005,1,1,1,3,0,14
1658354828,66491395,1,1,1,28,7,1
1658354421,653135378,1,1,1,23,7,5
1658354900,54000562,1,1,1,27,0,3
1658354852,402212574,1,1,1,24,1,3
1658354814,1057184567,1,1,1,18,2,13
1658354937,1057319366,1,1,1,27,0,0
1658354888,34235349,1,1,1,22,3,3
1658354811,210751059,1,1,1,6,4,6
1658354891,1057203651,1,1,1,43,0,0
1658354794,453172172,1,1,1,13,0,0
1658354913,478385490,1,1,1,21,1,6
1658354784,102326776,1,1,1,11,3,9
1658354815,213706622,1,1,1,1,5,15
1658354707,213686749,1,1,1,32,0,4
1658354494,1057302263,1,1,1,11,5,2
1658354725,82572699,1,1,1,4,14,9
1658354637,311552027,1,1,1,40,3,1
1658354868,27269170,1,1,1,12,5,4
1658303435,82550543,1,1,1,14,30,2
1658354837,82375611,1,1,1,43,0,0
1658354687,443402852,1,1,1,44,2,2
1658354897,1062162270,1,1,1,9,7,3
1658354935,38192,1,1,1,30,0,3
1658354863,84958519,1,1,1,26,3,0
1658354931,559980654,1,1,1,23,1,0
1658354366,213952930,1,0,0,30,0,0
1658354894,458086607,1,1,1,21,4,2
1658354907,7247,1,1,1,17,3,2
1658354731,653081846,1,1,1,27,1,0
1658354783,213689815,1,1,1,21,8,3
1658354832,443198808,1,1,1,32,1,2
1658354939,620676855,1,1,1,1,16,4
1658354853,98187918,1,1,1,56,3,0
1658354873,13191324,1,1,1,26,4,3
1658354916,210738704,1,1,1,18,2,0
1658354846,102745622,1,1,1,0,25,3
1658354826,213999554,1,1,1,7,9,4
1658354816,213677219,1,1,1,4,8,8
1658354603,6294,1,1,1,12,3,4
1658354938,85155919,1,1,1,14,9,7
1658354905,1062238429,1,1,1,2,7,8
1658354720,369011098,1,1,1,15,3,3
1658354869,102343591,1,1,1,1,15,14
1658354851,27415150,1,1,1,15,2,5
1658354926,82565383,1,1,1,5,13,27
1658354939,653134004,1,1,1,19,2,5
1658354638,27415246,1,1,1,26,16,2
1658354920,389788858,1,1,1,28,40,5
1658354903,1056947780,1,1,1,27,2,1
1658354474,38327,1,1,1,34,2,4
1658354895,100925033,1,1,1,35,9,1
1658354767,109609241,1,1,1,17,11,4
1658354940,101491821,1,1,1,34,1,2
1658354804,82562496,1,1,1,7,0,13
1658354884,235197110,1,1,1,1,41,3
1658354659,417088374,1,1,1,6,28,5
1658354927,129145892,1,1,1,25,5,13
1658354918,439750210,1,1,1,18,8,0
1658354883,82584215,1,1,1,58,1,0
1658354927,42720305,1,1,1,37,1,0
1658354644,653205656,1,1,1,15,3,9
1658354757,653147618,1,1,1,18,2,6
1658354712,335989765,1,1,1,24,12,13
1658354754,417623119,1,1,1,17,0,3
1658354894,54000632,1,1,1,28,4,2
1658354526,428088564,1,1,1,6,5,14
1658354944,365886904,1,1,1,24,7,5
1658354773,85015750,1,1,1,33,1,3
1658354887,27064639,1,1,1,20,1,0
1658354692,102722579,1,1,1,23,0,3
1658354909,653083263,1,1,1,39,0,0
1658354726,39151458,1,1,1,9,9,1
1658354681,213682190,1,1,1,41,0,1
1658354772,468354634,1,1,1,10,12,8
1658354930,379063990,1,1,1,16,3,2
1658354900,221036108,1,1,1,30,7,10
1658354895,213692227,1,1,1,29,0,6
1658354427,75641607,1,1,1,27,0,1
1658354922,653137566,1,1,1,24,2,7
1658354893,213674686,1,1,1,14,16,6
1658354730,38522,1,1,1,19,2,2
1658354937,488889101,1,1,1,23,3,3
1658354368,653083675,1,1,1,6,4,10
1658354930,266422568,1,1,1,19,0,2
1658354917,488872892,1,1,1,17,24,1
1658354541,488800137,1,1,1,25,0,1
1658354909,1057730786,1,1,1,17,1,0
1658354799,131094294,1,1,1,4,17,8
1658354775,129016495,1,1,1,47,1,2
1658354752,1057335613,1,1,1,25,4,1
1658354833,491687415,1,1,1,17,3,2
1658354941,39202840,1,1,1,12,1,2
1658354651,653141822,1,1,1,14,4,2
1658354544,488980540,1,1,1,21,5,6
1658354662,54000599,1,1,1,20,0,3
1658354945,1057221951,1,1,1,1,17,9
1658354663,653137567,1,1,1,0,15,7
1658354629,54000600,1,1,1,31,1,0
1658354936,82455731,1,1,1,19,32,9
1658354871,15212034,1,1,1,12,1,6
1658354641,494183852,1,1,1,39,0,0
1658354586,1057399900,1,1,1,14,2,9
1658354579,559595472,1,1,1,10,10,3
1658354698,210395439,1,1,1,24,1,1
1658354943,491932748,1,1,1,35,1,3
1658354580,1057329581,1,1,1,19,2,1
1658354755,1057378487,1,1,1,10,4,5
1658354936,1057737444,1,1,1,34,11,4
1658354904,82336035,1,1,1,14,1,1
1658354388,1314450240,1,1,1,10,5,0
1658354578,2515636592,1,1,1,3,9,6
1658354603,255322397,1,1,1,23,2,1
1658354641,653139063,1,1,1,34,11,5
1658354755,1057091571,1,1,1,24,3,1
1658354573,210582231,1,1,1,23,2,0
1658354936,653087180,1,1,1,25,0,2
1656114400,583171360,1,0,0,30,0,0
1658354899,312870435,1,1,1,8,0,2
1658354912,1057354004,1,1,1,22,3,2
1658354887,129106450,1,1,1,18,9,6
1658354882,1057405802,1,1,1,29,0,0
1658354925,27414544,1,1,1,7,7,7
1658354726,213894629,1,1,1,37,1,5
1658354943,100923502,1,1,1,1,10,4
1658354939,129059516,1,1,1,6,21,17
1658354930,1227051850,1,1,1,1,35,2
1658354902,1057748427,1,1,1,2,31,8
1658354915,285001735,1,1,1,39,0,0
1658354926,54000560,1,1,1,16,2,1
1658354614,1062742831,1,1,1,36,1,0
1658354904,101017160,1,1,1,1,24,6
1658354850,100933541,1,1,1,3,16,7
1658354690,36391,1,1,1,19,0,1
1658354935,100934967,1,1,1,0,29,4
1658354896,437741660,1,1,1,39,1,1
1658354780,1062783107,1,1,1,10,18,2
1658354914,15309045,1,1,1,14,1,0
1658354878,653086121,1,1,1,11,3,17
1658354744,653139897,1,1,1,10,4,13
1658354875,476155906,1,1,1,16,7,1
1658354900,101011685,1,1,1,4,19,2
1658354777,27415547,1,1,1,16,3,6
1658354939,54000543,1,1,1,26,3,2
1613934558,1015246367,1,0,0,25,0,0
1658354759,284787594,1,1,1,36,0,3
1658354489,1057765913,1,1,1,31,4,1
1658354915,1062704564,1,1,1,37,1,1
1658354767,221043930,1,1,1,13,3,20
1658354441,1057234527,1,1,1,22,17,0
1658354625,49498164,1,1,1,11,1,0
1658354836,76121343,1,1,1,3,5,4
1658354939,1057072168,1,1,1,12,1,10
1658354921,1062685145,1,1,1,17,0,0
1658354797,1056715831,1,1,1,20,1,0
1658354485,101742129,1,1,1,33,4,1
1658354859,1057360420,1,1,1,25,0,2
1658354939,49117995,1,1,1,10,2,3
1658354867,214119792,1,1,1,0,8,12
1658354897,1057366813,1,1,1,2,13,16
1658354941,37504995,1,1,1,1,25,6
1658354748,131908132,1,1,1,13,5,0
1658354914,27363337,1,1,1,6,22,2
1658354928,125811629,1,1,1,11,30,3
1658354523,102307005,1,1,1,20,0,3
1658354921,1057753858,1,1,1,16,16,4
1658354917,452341449,1,1,1,20,1,4
1658354848,54000590,1,1,1,27,15,4
1658354677,6298,1,1,1,21,0,0
1658354679,27359295,1,1,1,24,2,2
1658354868,54000587,1,1,1,10,16,5
1658354824,81212212,1,1,1,14,1,7
1658354771,653087914,1,1,1,0,13,14
1658354896,41219552,1,1,1,20,3,0
1658354925,101738550,1,1,1,4,11,7
1658354780,54000622,1,1,1,23,1,4
1658354775,82339935,1,1,1,27,4,2
1658354938,27414713,1,1,1,2,10,12
1658354933,54000564,1,1,1,29,0,1
1658354664,13912564,1,1,1,20,4,1
1658354919,42907187,1,1,1,5,17,2
1658354856,58311330,1,1,1,1,9,14
1658354939,100967498,1,1,1,29,11,9
1658354906,39149651,1,1,1,40,6,2
1658354934,43247025,1,1,1,9,5,3
1658354360,70903158,1,1,1,24,0,0
1658354767,37879071,1,1,1,23,7,2
1658354852,41464928,1,1,1,43,15,1
1658354801,54000619,1,1,1,13,15,3
1658354927,38060,1,1,1,42,0,1
1658354894,101008598,1,1,1,27,5,8
1658354774,82332239,1,1,1,36,0,0
1658354845,75525462,1,1,1,29,8,6
1658354745,15462861,1,1,1,27,3,1
1658354946,95845524,1,1,1,9,5,1
1658354891,38407,1,1,1,33,4,2
1658354887,82554449,1,1,1,46,14,0
1658354697,39535340,1,1,1,0,27,3
1658354909,1062797394,1,1,1,22,0,2
1658354861,54000570,1,1,1,27,6,3
1658354944,1062256852,1,1,1,5,0,14
1658354788,1057373549,1,1,1,5,11,6
1658354811,653089942,1,1,1,12,6,2
1658354944,128841079,1,1,1,35,3,1
1658354888,220504949,1,1,1,30,2,0
1658354763,15308712,1,1,1,11,7,5
1658354890,7295,1,1,1,5,6,4
1658354898,27296946,1,1,1,22,1,4
1658354927,653143563,1,1,1,17,2,10
1658354723,443153677,1,1,1,28,3,4
1658354824,265201872,1,1,1,44,5,3
1658354710,66505510,1,1,1,54,6,3
1658354893,66491391,1,1,1,17,8,7
1658354846,1062245074,1,1,1,2,20,3
1658354934,201923447,1,1,1,29,5,2
1658354897,9931940126,1,1,1,16,8,12
1658354911,1057758764,1,1,1,10,15,9
1658354640,653144717,1,1,1,3,5,16
1658354888,42275164,1,1,1,18,11,6
1658354659,125623876,1,1,1,16,0,2
1658354744,85031184,1,1,1,32,17,2
1658354819,97824043,1,1,1,1,14,5
1658354695,66491379,1,1,1,12,0,0
1658354884,39169029,1,1,1,13,0,10
1658354675,35600927,1,1,1,35,0,0
1658354762,100868590,1,1,1,20,2,0
1658354701,54000616,1,1,1,17,7,5
1658354590,27364642,1,1,1,23,0,4
1658354890,66491381,1,1,1,7,3,21
1658354763,49094984,1,1,1,31,1,2
1658354933,77773,1,1,1,18,5,4
1658354546,15463487,1,1,1,21,3,2
1658354615,52518,1,1,1,13,6,2
1658354882,1062874070,1,1,1,38,1,0
1658354935,82574198,1,1,1,7,28,5
1658354765,30730,1,1,1,20,11,2
1658354688,27415389,1,1,1,11,10,8
1658354861,1062802530,1,1,1,13,4,6
1658354814,653091206,1,1,1,20,14,5
1658354896,653042678,1,1,1,9,15,1
1658354862,75345531,1,1,1,13,2,0
1658354928,66505516,1,1,1,1,30,13
1658354888,49341735,1,1,1,22,14,6
1658354927,15309674,1,1,1,16,3,1
1658354824,66491367,1,1,1,16,0,1
1658354917,129023855,1,1,1,23,0,1
1658354854,54000554,1,1,1,30,1,1
1658354790,27414902,1,1,1,12,2,5
1658354835,2515672078,1,1,1,9,4,8
1658354881,35317080,1,1,1,5,3,12
1658354887,653146273,1,1,1,12,3,6
1658354794,1062882947,1,1,1,8,10,2
1658354932,653091677,1,1,1,0,17,6
1658354813,35472299,1,1,1,6,3,3
1658354920,27415179,1,0,0,22,0,0
1658354880,1805255023,1,1,1,30,0,0
1658354614,66489651,1,1,1,32,0,1
1658354842,1057207064,1,1,1,6,4,14
1658354636,39626277,1,1,1,3,10,2
1658354941,213687475,1,1,1,18,0,2
1658354760,1062982815,1,1,1,15,0,2
1658354692,128890772,1,1,1,23,3,2
1658354913,266963426,1,1,1,23,28,0
1658354888,7268,1,1,1,11,11,7
1658354699,1237624420,1,1,1,27,1,2
1658354882,129152818,1,1,1,7,4,9
1658354649,27313492,1,1,1,22,0,3
1658354749,338824395,1,1,1,9,3,1
1658354854,128932790,1,1,1,29,0,0
1658354815,100760396,1,1,1,27,1,1
1658354811,210585225,1,1,1,18,1,0
1658354304,82396562,1,1,1,16,1,0
1658354926,312165511,1,1,1,25,3,1
1658354386,262607058,1,1,1,31,0,2
1658354793,1074095810,1,1,1,6,2,12
1658354882,128880156,1,1,1,22,1,2
1658354555,27415411,1,1,1,22,0,1
1658354776,210387163,1,1,1,30,0,1
1658354914,653150828,1,1,1,9,8,2
1658354930,443654970,1,1,1,33,2,0
1658354763,1063971944,1,1,1,29,0,0
1658354946,15153595,1,1,1,28,1,3
1658354769,54000465,1,1,1,24,3,0
1658354838,471094898,1,1,1,0,14,9
1658354907,66499894,1,1,1,20,10,1
1658354647,100759356,1,1,1,15,0,1
1658354229,1062911162,1,1,1,25,0,3
1658354721,42341698,1,1,1,38,1,2
1658354504,653187900,1,1,1,32,1,6
1658354512,128874528,1,1,1,14,2,2
1658354724,1062827573,1,1,1,20,3,6
1658354930,54000542,1,1,1,12,12,2
1658354914,1074187051,1,1,1,0,18,7
1658354900,331153695,1,1,1,20,1,2
1658354720,1074142878,1,1,1,8,5,7
1658354871,11874261013,1,1,1,1,13,4
1658354796,213680246,1,1,1,28,2,4
1658354490,1064000778,1,1,1,53,1,0
1658354795,1074060095,1,1,1,17,4,7
1658354715,1057290902,1,1,1,25,15,3
1658354605,80419347,1,1,1,10,11,4
1658354621,1063000561,1,1,1,17,1,1
1658354858,213680553,1,1,1,37,7,8
1658354878,1063012692,1,1,1,13,0,6
1658354734,54000538,1,1,1,24,4,1
1658354854,82499609,1,1,1,13,20,2
1658354945,1064008882,1,1,1,3,4,11
1658354933,653152142,1,1,1,11,5,2
1658354916,129029327,1,1,1,18,0,1
1658354899,1063429705,1,1,1,15,2,4
1658354822,478250062,1,1,1,21,0,3
1658354929,1062833975,1,1,1,27,3,3
1658354685,11908510683,1,1,1,16,2,6
1658354918,2515756572,1,1,1,30,1,2
1658354796,1063410400,1,1,1,15,1,6
1658354738,80298493,1,1,1,7,2,16
1658354942,98132679,1,1,1,44,0,5
1658354921,96608796,1,1,1,4,20,3
1658354757,58391194,1,1,1,18,10,0
1658354906,1396728955,1,1,1,8,13,1
1658354930,128878135,1,1,1,20,5,0
1658089182,48800374,1,0,0,14,0,0
1658354840,1063044618,1,1,1,0,19,9
1658354910,1063421211,1,1,1,14,15,11
1658354793,569583918,1,1,1,42,0,1
1658354740,129083553,1,1,1,20,9,1
1658354823,1074204954,1,1,1,2,19,6
1658354757,100767550,1,1,1,29,14,1
1658354652,1074333296,1,1,1,29,7,5
1658354582,11908496227,1,1,1,21,1,2
1658354793,54000537,1,1,1,10,5,2
1658354900,653094517,1,1,1,36,2,2
1658354937,1063984816,1,1,1,12,1,3
1658354933,442739463,1,1,1,10,2,6
1658354911,380891087,1,1,1,10,21,2
1658354916,49423507,1,1,1,51,0,0
1658354863,128834707,1,1,1,22,0,0
1658354773,78374110,1,1,1,16,0,0
1658354930,653097126,1,1,1,9,11,5
1658354933,391845823,1,1,1,22,0,3
1658354563,15433394,1,1,1,27,3,10
1658354909,653140345,1,1,1,18,0,6
1658354490,15290700,1,1,1,20,1,0
1658325181,276989966,1,1,1,14,1,3
1658354894,2515885093,1,1,1,10,9,9
1658354528,54001189,1,1,1,27,0,1
1658354794,653153519,1,1,1,2,7,10
1658354905,39887632,1,1,1,2,15,7
1658354939,581480367,1,1,1,67,0,0
1658354716,6293,1,1,1,26,1,1
1658354927,653072212,1,1,1,8,12,9
1658354945,128843085,1,1,1,28,0,0
1658354811,1063027377,1,1,1,19,0,5
1658354809,653085678,1,1,1,9,12,3
1658354900,6352,1,1,1,16,0,1
1658354753,120564786,1,1,1,55,1,1
1658354843,210386007,1,1,1,15,2,4
1658354802,6245,1,1,1,25,1,1
1658354840,1063053136,1,1,1,14,4,1
1658354444,27414358,1,1,1,18,0,1
1658354802,101751231,1,1,1,7,15,13
1658354749,1074339090,1,1,1,19,1,4
1658354941,1062844489,1,1,1,29,4,0
1658354940,54000596,1,1,1,30,2,2
1658354902,39169877,1,1,1,57,7,2
1658354810,653155159,1,1,1,10,4,6
1658354914,653099465,1,1,1,11,5,15
1658354919,323468705,1,1,1,21,0,1
1658354836,1810975577,1,1,1,25,0,5
1658354443,2705356759,1,1,1,25,0,1
1658354561,35380305,1,1,1,35,0,0
1658354781,100790494,1,1,1,22,1,0
1658354886,653040243,1,1,1,19,6,2
1658354864,1063061372,1,1,1,31,0,3
1658354753,2705290225,1,1,1,25,1,3
1658354941,214019379,1,1,1,5,13,6
1658354861,82574979,1,1,1,21,2,3
1658354911,1599896463,1,1,1,22,1,0
1658354869,1987547083,1,1,1,15,5,7
1658354925,2705338817,1,1,1,5,7,7
1658354923,1074410417,1,1,1,3,7,16
1658354936,1074352578,1,1,1,25,0,0
1658354808,53999465,1,1,1,62,0,3
1658354874,653156540,1,1,1,34,0,1
1658354916,54000573,1,1,1,12,16,16
1658354919,210328645,1,0,0,19,0,0
1658354498,99886640,1,1,1,22,1,1
1658354870,129080400,1,1,1,22,0,0
1658354935,1981490798,1,1,1,14,7,2
1658354869,66491366,1,1,1,37,0,0
1658354921,6297,1,1,1,14,1,2
1658087321,653031913,1,0,0,19,0,0
1658354885,1074428106,1,1,1,20,4,3
1658354922,653102462,1,1,1,2,23,15
1658354873,1057210479,1,1,1,5,2,9
1658354821,27414527,1,1,1,19,0,0
1658354914,653092274,1,1,1,29,1,3
1658354780,208603342,1,1,1,21,0,0
1658354914,311153993,1,1,1,32,0,0
1658354877,632086890,1,1,1,0,18,7
1658354834,653104215,1,1,1,32,0,2
1658354720,54000557,1,1,1,0,13,7
1658354937,653110858,1,1,1,12,10,1
1658354895,653159330,1,1,1,19,8,1
1658354900,49424560,1,1,1,13,18,2
1658354844,653165196,1,1,1,2,20,5
1658354929,1074390359,1,1,1,2,24,4
1658354929,2002864789,1,1,1,14,0,1
1658354917,11146714746,1,1,1,18,6,4
1658354840,11146696292,1,1,1,1,27,3
1658354649,653107480,1,1,1,15,4,2
1658354606,1988517250,1,1,1,1,10,13
1658354875,74864208,1,1,1,6,8,14
1658354840,653166892,1,1,1,2,11,16
1658354899,653106960,1,1,1,0,31,5
1658354846,82468690,1,1,1,32,11,12
1658354878,54000536,1,1,1,34,1,0
1658354873,39565873,1,1,1,24,3,0
1658354887,1074398925,1,1,1,2,10,24
1658354712,12225158518,1,1,1,24,0,3
1658354712,12225289563,1,1,1,23,1,4
1658354633,567884788,1,1,1,21,1,0
1658354848,99950133,1,1,1,45,8,2
1658354606,549480297,1,1,1,22,0,0
1658354859,12196660096,1,1,1,17,9,3
1658354854,653175838,1,1,1,9,1,7
1658354946,84960402,1,1,1,1,31,5
1658354686,2515701705,1,1,1,6,7,7
1658354894,15550433574,1,1,1,29,0,9
1658354875,11218473640,1,1,1,16,2,6
1632509667,54000558,1,0,0,0,0,0
1658354841,653110492,1,1,1,0,20,8
1658354928,102339791,1,1,1,3,19,3
1658354586,52474,1,1,1,13,1,6
1658354494,486750405,1,1,1,12,3,6
1658354787,10773448319,1,1,1,1,8,15
1658354881,11438171152,1,1,1,11,0,11
1658354892,653046369,1,1,1,17,6,3
1658354884,125370566,1,1,1,11,1,6
1658354935,66491396,1,1,1,35,8,3
1658354943,102328355,1,1,1,7,11,2
1658354621,76352106,1,1,1,25,1,0
1658354874,653180903,1,1,1,23,9,3
1658354645,101015227,1,1,1,27,6,0
1658354396,74805344,1,1,1,30,0,0
1658354884,78124875,1,1,1,27,17,10
1658354913,54000578,1,1,1,1,27,4
1658354555,102724418,1,1,1,1,19,4
1658354821,102287315,1,1,1,7,34,1
1658354885,42950428,1,1,1,14,25,11
1658354663,100921894,1,1,1,0,16,2
1658354668,82429586,1,1,1,2,28,7
1658354940,37995,1,1,1,12,32,4
1658354909,653193536,1,1,1,6,2,12
1658354942,54000589,1,1,1,8,48,10
1658354939,74692052,1,1,1,10,3,18
1658354936,35080917,1,1,1,24,1,5
1658354789,89553051,1,1,1,14,7,0
1658354618,11218807773,1,1,1,20,16,10
1658354835,101759167,1,1,1,1,40,4
1658354897,37420,1,1,1,14,2,0
1658354785,27363058,1,1,1,18,5,0
1658354436,66491390,1,1,1,38,0,1
1658354720,653114003,1,1,1,9,12,4
1658354729,27363206,1,1,1,13,10,4
1658354937,54000591,1,1,1,16,15,6
1658354627,49791363,1,1,1,28,0,2
1658354882,7402,1,1,1,1,9,4
1658354704,75352635,1,1,1,10,2,11
1658354681,34836174,1,1,1,23,4,4
1658354800,6354,1,1,1,0,25,6
1628239218,16206842336,0,0,0,0,0,0
1658354871,101022698,1,1,1,17,13,3
1658354852,27415194,1,1,1,28,6,2
1658354649,54000624,1,1,1,20,0,0
1658354927,653114443,1,1,1,0,16,4
1658354762,74635382,1,1,1,33,0,4
1658354941,653190196,1,1,1,4,9,22
1658354762,27363156,1,1,1,3,10,9
1658354763,39776330,1,1,1,12,5,0
1658354831,54000594,1,1,1,27,0,0
1658354910,66491373,1,1,1,0,17,1
1658354674,66491409,1,1,1,18,1,1
1658354914,82583924,1,1,1,17,4,8
1658354919,124183944,1,1,1,20,28,4
1658354909,27363389,1,1,1,10,14,1
1658354943,653184632,1,1,1,25,6,2
1658354929,102751453,1,1,1,25,0,2
1628171945,16206691682,0,0,0,0,0,0
1658354881,35263507,1,1,1,21,1,1
1658354671,58086242,1,1,1,5,2,3
1658354918,82440673,1,1,1,46,2,1
1658354851,27399547,1,1,1,0,16,4
1658354859,54000610,1,1,1,37,26,4
1658354872,13356269,1,1,1,28,1,2
1658354945,54000583,1,1,1,23,7,5
1658354873,63279,1,1,1,15,0,1
1658354884,125918662,1,1,1,13,4,4
1658354659,15163771,1,1,1,4,19,6
1658354911,82571023,1,1,1,39,2,3
1658327119,100893610,1,1,1,15,29,10
1658354659,27363205,1,1,1,33,0,2
1658354785,653197206,1,1,1,7,11,6
1658354915,27415256,1,1,1,1,24,5
1658354939,101488317,1,1,1,32,1,2
1658354751,6497,1,1,1,17,1,2
1658354868,653118283,1,1,1,12,8,5
1658354789,117480156,1,1,1,39,1,0
1658354945,124167835,1,1,1,9,0,9
1658354815,74858883,1,1,1,26,3,3
1658354496,66491384,1,1,1,9,20,5
1658354883,102748267,1,1,1,13,7,2
1658354945,28233012,1,1,1,27,0,3
1658354882,27415371,1,1,1,21,9,4
1658354936,49829553,1,1,1,25,4,1
1658354927,128884445,1,1,1,55,2,2
1658354922,37848502,1,1,1,11,7,7
1658354737,54000552,1,1,1,30,0,0
1658354940,102752610,1,1,1,5,6,16
1658354892,82335295,1,1,1,24,4,1
1658354946,66491382,1,1,1,11,21,4
1658354932,124176568,1,1,1,14,0,3
1658354903,39882420,1,1,1,6,4,12
1658354907,27415360,1,1,1,13,0,4
1658354713,82588494,1,1,1,0,9,19
1658354574,125542925,1,1,1,8,22,6
1658354748,54000547,1,1,1,33,1,0
1658354386,82425449,1,1,1,44,6,1
1658354933,7234,1,1,1,24,1,3
1658354702,85160045,1,1,1,24,1,1
1658354418,35816213,1,1,1,32,1,0
1658354914,82408364,1,1,1,16,14,8
1658354912,653190279,1,1,1,1,15,3
1658354848,82551956,1,1,1,24,8,0
1658354675,66491372,1,1,1,39,6,15
1658354923,82413301,1,1,1,15,18,3
1658354868,80077998,1,1,1,4,2,10
1658354946,13248144,1,1,1,26,6,2
1658354867,54000568,1,1,1,38,8,2
1658354797,39311270,1,1,1,31,0,2
1658354665,54000631,1,1,1,17,4,3
1658354664,99840124,1,1,1,37,4,4
1658354803,54000623,1,1,1,13,1,12
1658354782,653121023,1,1,1,24,1,0
1658354900,76507850,1,1,1,19,2,12
1658354903,101010226,1,1,1,11,17,22
1658354937,653194214,1,1,1,7,9,2
1658354508,11375742,1,1,1,20,1,3
1658354863,27415083,1,1,1,47,0,5
1658354571,27415333,1,1,1,36,12,8
1658354727,66491369,1,1,1,46,1,2
1658354660,27363397,1,1,1,15,2,2
1658354827,39878420,1,1,1,8,7,4
1658354932,27363504,1,1,1,15,7,7
1658354862,27414932,1,1,1,30,5,2
1658354559,14623073464,1,1,1,42,3,1
1658354794,82588656,1,1,1,43,8,0
1658354934,35471668,1,1,1,11,6,11
1658354814,27415500,1,1,1,5,18,1
1658354653,11580442,1,1,1,1,13,3
1658354897,99798962,1,1,1,27,8,0
1658354876,66507230,1,1,1,7,13,1
1658354789,125881065,1,1,1,23,5,4
1658354804,54000627,1,1,1,9,9,4
1658354875,121086415,1,1,1,24,0,0
1658354942,84961467,1,1,1,41,10,3
1658354862,54000629,1,1,1,21,14,1
1658354853,27415004,1,1,1,0,27,10
1658354941,27415128,1,1,1,1,14,4
1658354704,27414937,1,1,1,5,20,12
1658354800,42588096,1,1,1,17,5,6
1658354817,100227241,1,1,1,20,10,5
1658354880,2254322638,1,1,1,0,11,13
1658354886,15377776,1,1,1,19,16,0
1658354804,70736110,1,1,1,5,14,14
1627636430,16210188070,0,0,0,0,0,0
1627545043,16210512714,0,0,0,0,0,0
1658354878,11063317380,1,1,1,1,12,4
1658354569,121160813,1,1,1,15,8,5
1658354674,66491388,1,1,1,30,0,0
1650556299,16043282800,0,0,0,0,0,0
1658354800,15189890802,1,1,1,22,0,2
1658354834,16043242148,1,1,1,19,6,2
1658354835,16043316164,1,1,1,20,4,3
1611403361,16043228469,0,0,0,16,0,0
1658354876,54000628,1,1,1,51,2,2
1658354790,15187848239,1,1,1,4,18,5
1658354931,129095489,1,1,1,21,4,2
1658354917,1057383154,1,1,1,0,43,6
1658354707,218903767,1,1,1,54,2,4
1658354704,37647,1,1,1,21,1,1
1658354925,523900881,1,1,1,53,0,3
1658354886,54000555,1,1,1,31,2,0
1658003859,54000621,1,0,0,56,0,0
1658354883,214097180,1,1,1,6,12,3
1658354946,54000556,1,1,1,20,0,4
1658354853,2515618216,1,1,1,13,16,1
1658354923,1057387136,1,1,1,0,14,16
1658354794,11908488283,1,1,1,6,18,1
1658354938,85123644,1,1,1,15,9,1
1658332891,100863462,1,1,1,45,12,7
1658354925,253357936,1,1,1,22,31,4
1658354914,42517412,1,1,1,10,0,14
1658354627,54000551,1,1,1,15,0,2
1593435140,213699079,1,0,0,67,0,0
1658354867,10647548670,1,1,1,10,2,9
1658354936,15066765479,1,1,1,22,11,2
1658354868,10647608657,1,1,1,14,6,7
1658354683,213676294,1,1,1,18,1,2
1658354774,95073815,1,1,1,38,0,0
1558939179,16134135570,0,0,0,0,0,0
1658354925,16134083337,1,1,1,29,0,1
1658354759,11266280626,1,1,1,26,3,2
1658354621,49039283,1,1,1,10,2,5
1658354864,35642049,1,1,1,4,2,1
1658354906,11851012506,1,1,1,15,8,5
1627456205,16379269732,0,0,0,0,0,0
1658354485,27033125,1,1,1,8,2,3
1658354906,13341879803,1,1,1,2,14,9
1658354689,1074347188,1,1,1,12,6,2
1658354858,2515774908,1,1,1,15,1,6
1658354860,84986959,1,1,1,49,10,2
1658354716,11851103861,1,1,1,21,1,3
1658354802,12806084887,1,1,1,43,0,1
1658354712,123546861,1,1,1,22,0,2
1658354765,12943772652,1,1,1,15,7,8
1658354878,12948189248,1,1,1,14,6,10
1658354865,15826185972,1,1,1,9,1,5
1658354838,82423726,1,1,1,61,5,1
1658354861,252301607,1,1,1,19,1,1
1658354494,12959947458,1,1,1,19,1,3
1658354438,210581084,1,1,1,21,1,1
1658354845,34742973,1,1,1,17,4,1
1658354603,101013666,1,1,1,26,6,3
1658354831,11437761399,1,1,1,2,19,11
1658354659,11438116799,1,1,1,35,3,2
1658354936,11437961617,1,1,1,5,15,5
1658354933,11438049493,1,1,1,27,1,2
1658354830,11437651826,1,1,1,6,9,12
1658354797,11004720021,1,1,1,1,15,10
1658354845,102335085,1,1,1,0,23,8
1653472786,11437706131,0,0,0,26,0,0
1658354788,13373712848,1,1,1,22,0,2
1658354906,13373848216,1,1,1,5,1,18
1658354920,13373801574,1,1,1,11,3,12
1658354710,13373758036,1,1,1,19,2,7
1658354721,129026597,1,1,1,20,1,1
1658354909,1062807847,1,1,1,37,3,0
1658354759,478732841,1,1,1,15,0,1
1658354919,82402482,1,1,1,35,12,3
1658354886,129088667,1,1,1,6,22,9
1658354926,54000604,1,1,1,19,5,10
1658354942,43247738,1,1,1,11,11,12
1658354939,102311820,1,1,1,12,12,9
1658354930,394404659,1,1,1,35,4,3
1658354926,516395829,1,1,1,4,10,3
1658354784,368766689,1,1,1,1,32,6
1658354877,315022587,1,1,1,66,0,0
