"last_reported","station_id","is_installed","is_returning","is_renting","dock_available","mechanical_available","electric_available"
1658178520,213688169,1,1,1,31,1,3
1658178788,653222953,1,1,1,3,4,21
1658178782,516709288,1,1,1,15,1,4
1658178660,36255,1,1,1,21,0,0
1658178593,37815204,1,1,1,5,17,5
1658178746,100769544,1,1,1,8,35,2
1658178713,85002689,1,1,1,22,18,17
1658178781,123095125,1,1,1,49,9,0
1658178608,120827885,1,1,1,10,0,1
1658178370,251039991,1,1,1,22,0,3
1658178646,37874517,1,1,1,18,1,2
1658178689,66491398,1,1,1,1,40,5
1658178751,210403080,1,1,1,13,4,6
1658178772,210561800,1,1,1,10,5,2
1658178590,209063434,1,1,1,16,5,8
1658178701,94555589,1,1,1,15,5,6
1658178764,244498842,1,1,1,32,6,9
1658154121,43195240,1,1,1,24,0,1
1658178324,210405211,1,1,1,17,1,1
1658178575,501862076,1,1,1,17,0,4
1658178557,54000559,1,1,1,32,4,3
1658178576,207633746,1,1,1,46,1,1
1658178474,85043758,1,1,1,32,1,3
1658178691,210566542,1,1,1,59,0,1
1658178684,437597018,1,1,1,24,3,0
1658178551,210565680,1,1,1,21,8,4
1658178757,210397939,1,1,1,5,1,10
1658178788,82405965,1,1,1,12,25,4
1658178768,213682736,1,1,1,32,8,11
1658178673,80101533,1,1,1,32,1,1
1658178595,54000581,1,1,1,23,9,1
1658178539,13105968,1,1,1,16,2,2
1658178584,653208733,1,1,1,34,0,3
1658178764,27415224,1,1,1,15,14,2
1658178569,907054879,1,1,1,10,1,9
1658178754,129094535,1,1,1,31,6,4
1658178583,54000612,1,1,1,37,4,0
1658178314,128986726,1,1,1,32,1,0
1658178647,599135701,1,1,1,17,16,10
1658178756,102747146,1,1,1,16,6,2
1658178777,2515403527,1,1,1,28,1,1
1658178606,653132534,1,1,1,23,0,2
1658178768,506455295,1,1,1,7,6,2
1658178628,1057149522,1,1,1,0,13,6
1658178773,210567545,1,1,1,12,4,1
1658178773,2515085147,1,1,1,18,0,3
1658178538,653197324,1,1,1,11,1,10
1658178623,210408693,1,1,1,19,3,1
1658178521,42950839,1,1,1,16,0,2
1658178738,14813797734,1,1,1,18,5,4
1658178613,88230992,1,1,1,28,0,2
1658178549,499303158,1,1,1,0,22,4
1658178702,27415302,1,1,1,15,6,4
1658178755,27414512,1,1,1,36,4,0
1658178691,210580039,1,1,1,11,2,3
1658178780,49474389,1,1,1,23,0,0
1658178626,128940135,1,1,1,18,0,1
1658178595,35149611,1,1,1,4,4,4
1658178736,1057296253,1,1,1,1,57,4
1658178471,210570888,1,1,1,16,5,0
1658178741,129107656,1,1,1,6,7,7
1658178759,1057228658,1,1,1,8,1,13
1658156643,230873471,1,1,1,17,3,1
1658178728,507934805,1,1,1,19,3,2
1658178522,205047993,1,1,1,41,0,3
1658178770,39799329,1,1,1,32,1,1
1658178768,129164969,1,1,1,25,14,9
1658178635,128989986,1,1,1,28,0,0
1658178766,129004826,1,1,1,15,0,2
1658178697,518825709,1,1,1,20,1,0
1658178628,128930462,1,1,1,25,1,2
1658178321,911767210,1,1,1,19,0,1
1658178763,54000565,1,1,1,22,1,2
1658178425,210586093,1,1,1,20,1,1
1658178423,7254,1,1,1,24,0,0
1658178785,369644630,1,1,1,28,2,1
1658178764,214114469,1,1,1,1,27,2
1658178510,128887067,1,1,1,17,0,2
1658178756,55927887,1,1,1,0,32,2
1658178760,210574471,1,1,1,10,0,3
1658178749,72765603,1,1,1,3,13,4
1658178766,210582921,1,1,1,11,2,1
1658178690,43255030,1,1,1,46,2,0
1658178746,129025451,1,1,1,26,1,0
1658178307,128920403,1,1,1,26,0,1
1658178702,323616530,1,1,1,14,0,1
1658178695,208795867,1,1,1,7,2,8
1658178694,1062192012,1,1,1,1,2,30
1658178562,6296,1,1,1,5,12,0
1658178738,521393180,1,1,1,8,10,2
1658178631,576188379,1,1,1,23,0,0
1658178689,128915891,1,1,1,22,3,5
1658178446,82567101,1,1,1,11,1,10
1652812373,102290754,1,0,0,24,0,0
1658178675,457813746,1,1,1,9,1,6
1658178777,128882438,1,1,1,12,21,4
1658178654,50191171,1,1,1,17,4,1
1658178413,129014600,1,1,1,30,1,2
1658178676,3906153622,1,1,1,0,6,9
1658178602,129087587,1,1,1,10,21,7
1658178460,213693511,1,1,1,22,0,1
1658178648,82379648,1,1,1,29,1,1
1658178567,66491397,1,1,1,58,1,1
1658178584,907081682,1,1,1,0,0,0
1658178679,230877798,1,1,1,26,3,4
1658144115,2515995748,1,1,1,21,0,1
1658178762,27363162,1,1,1,12,8,3
1658178698,129021753,1,1,1,16,0,1
1658178785,210740080,1,1,1,44,3,1
1658178729,54000569,1,1,1,33,3,2
1658178745,80216231,1,1,1,36,2,1
1658178264,336511521,1,1,1,12,1,4
1658178591,129043651,1,1,1,5,12,4
1658178726,82562556,1,1,1,26,21,2
1658178768,129048000,1,1,1,23,8,14
1658178426,1062250686,1,1,1,26,2,7
1658178771,261987383,1,1,1,20,3,2
1658178753,813544903,1,1,1,28,1,0
1658178679,126050442,1,1,1,20,2,0
1658178755,27363489,1,1,1,13,5,8
1658178505,39296638,1,1,1,35,0,0
1658178614,205938683,1,1,1,45,1,5
1658178777,210399835,1,1,1,33,0,4
1658178470,1057324291,1,1,1,57,0,0
1658178686,102324803,1,1,1,30,1,8
1658178288,101763163,1,1,1,0,11,0
1658178746,653133605,1,1,1,2,28,10
1658178535,3906094706,1,1,1,21,2,9
1658178688,27414578,1,1,1,12,2,3
1658178633,508042092,1,1,1,12,21,1
1658178302,42603855,1,1,1,13,0,4
1658178530,818302209,1,1,1,47,1,2
1658178660,13718041,1,1,1,7,3,12
1658178664,265464297,1,1,1,47,2,1
1658178650,1057392676,1,1,1,8,18,8
1658136582,102309973,1,1,1,40,1,1
1658178657,532054446,1,1,1,38,15,2
1658178786,129034587,1,1,1,16,0,0
1658178734,314829539,1,1,1,19,6,23
1658178227,586539770,1,1,1,20,0,1
1658178666,3906335682,1,1,1,3,12,9
1658178769,583539396,1,1,1,8,10,7
1658178787,101753100,1,1,1,15,0,1
1658178778,27415466,1,1,1,13,1,7
1658178671,52393,1,1,1,49,0,1
1658178604,81081358,1,1,1,28,7,4
1658178713,66491385,1,1,1,2,11,11
1658178577,209057581,1,1,1,11,4,3
1658178301,66491389,1,1,1,55,3,0
1658178587,210749865,1,1,1,0,5,11
1658178579,535500589,1,1,1,62,1,1
1658178553,597245295,1,1,1,14,4,13
1658178730,213684314,1,1,1,19,4,1
1658178712,235513935,1,1,1,16,0,11
1658178626,27206194,1,1,1,10,4,4
1658178516,102323152,1,1,1,8,1,8
1658178710,129060764,1,1,1,8,19,0
1658178751,828134511,1,1,1,24,0,7
1658178695,586649404,1,1,1,12,5,7
1658178560,596813170,1,1,1,7,1,7
1658178747,596872103,1,1,1,21,1,8
1658178509,271426439,1,1,1,2,11,6
1658178751,27363187,1,1,1,27,15,1
1658178760,76199461,1,1,1,22,5,4
1658178719,230952057,1,1,1,13,11,4
1658178751,37815993,1,1,1,4,27,4
1658178664,88140066,1,1,1,64,0,1
1658178594,213683101,1,1,1,0,17,1
1658178778,213684750,1,1,1,20,10,4
1658178557,129067920,1,1,1,33,2,4
1658178744,2515049357,1,1,1,15,3,4
1658178553,27364743,1,1,1,17,0,3
1658178783,102314792,1,1,1,26,3,3
1658178704,35447568,1,1,1,18,1,2
1658178721,129038848,1,1,1,15,1,0
1658178316,27415736,1,1,1,25,1,4
1658178637,583178525,1,1,1,8,0,12
1658178786,2514995690,1,1,1,20,10,0
1658178225,82387816,1,1,1,32,0,0
1658178748,213685090,1,1,1,10,16,3
1658178734,301841024,1,1,1,9,10,10
1658178680,66491402,1,1,1,10,4,20
1658178721,213679512,1,1,1,16,5,3
1658178769,588452142,1,1,1,17,2,5
1658178749,85147829,1,1,1,18,4,3
1658178770,213681356,1,1,1,12,3,7
1658178669,2515351285,1,1,1,2,16,6
1658178389,213685514,1,1,1,19,3,1
1658178642,102329800,1,1,1,17,7,2
1658170932,54000625,1,1,1,30,2,1
1658178665,572566600,1,1,1,19,1,8
1658178712,213911772,1,1,1,52,1,2
1658178609,129132870,1,1,1,1,13,8
1658170389,620403530,1,1,1,6,9,4
1658178214,66491378,1,1,1,48,3,0
1658178563,631773910,1,1,1,6,17,1
1658178649,1765749389,1,1,1,0,11,2
1658178730,611152693,1,1,1,10,2,14
1658178648,235241110,1,1,1,16,36,8
1658178766,613737748,1,1,1,1,22,8
1658178753,41498023,1,1,1,3,17,3
1658178527,1062671597,1,1,1,14,2,4
1658178624,213945171,1,1,1,17,0,5
1658172380,463297497,1,1,1,19,0,1
1658178276,213875650,1,1,1,11,9,4
1658178723,245187072,1,1,1,18,1,0
1658178719,129144878,1,1,1,12,15,2
1658178782,27415665,1,1,1,26,6,5
1658178780,593238093,1,1,1,22,1,1
1658178377,102331767,1,1,1,22,10,2
1658178688,37791,1,1,1,21,14,1
1658178651,50156117,1,1,1,12,9,2
1658178507,15462236,1,1,1,31,0,1
1658178601,129093478,1,1,1,25,0,2
1658178747,35908,1,1,1,18,0,0
1658178686,210744286,1,1,1,18,14,13
1658178776,101024234,1,1,1,14,39,3
1658178333,213992316,1,1,1,48,0,2
1658178277,213694482,1,1,1,13,1,6
1658178733,129011497,1,1,1,10,12,0
1658178614,101743895,1,1,1,36,20,6
1658178713,213691848,1,1,1,32,7,3
1658178573,210396518,1,1,1,11,2,3
1658178778,97677210,1,1,1,38,7,2
1658178723,39254792,1,1,1,16,23,7
1658178666,213683992,1,1,1,26,19,3
1658178783,54000601,1,1,1,6,6,6
1658178627,27362896,1,1,1,25,0,1
1658178728,213687140,1,1,1,28,4,2
1658178684,235599121,1,1,1,3,10,12
1658178779,213680917,1,1,1,22,1,2
1658178698,1057774603,1,1,1,21,7,3
1658178691,213688462,1,1,1,28,6,4
1658178757,102749572,1,1,1,44,2,2
1658155135,549876068,1,1,1,35,4,5
1658178569,390212609,1,1,1,8,18,4
1658178757,63498079,1,1,1,21,0,2
1658178672,102338493,1,1,1,14,5,10
1658178302,875078767,1,1,1,18,0,2
1658178773,210573120,1,1,1,29,0,3
1658178652,1558958733,1,1,1,20,2,3
1658178637,2515802454,1,1,1,23,2,1
1658178500,648227675,1,1,1,31,3,5
1658178764,42566291,1,1,1,32,1,0
1658178784,1062206433,1,1,1,10,0,10
1658178676,129032910,1,1,1,29,20,2
1658178683,647826568,1,1,1,8,21,1
1658178751,54000577,1,1,1,4,6,16
1658178477,54001024,1,1,1,37,5,6
1658178780,94250567,1,1,1,2,40,8
1658178722,129078200,1,1,1,17,11,1
1658178699,649888071,1,1,1,7,8,3
1658178639,82563707,1,1,1,19,12,1
1658178730,129143598,1,1,1,25,1,1
1658178783,213690847,1,1,1,34,3,0
1658178758,102333275,1,1,1,1,28,3
1658178566,640629438,1,1,1,1,8,11
1658178611,82328045,1,1,1,7,14,1
1658178678,27363362,1,1,1,10,2,6
1658178513,237624030,1,1,1,33,3,0
1658178669,213957917,1,1,1,0,14,13
1658178517,54000626,1,1,1,15,5,2
1658178737,6399,1,1,1,22,4,6
1658178777,210746090,1,1,1,39,8,2
1658178663,27414841,1,1,1,28,0,0
1658178230,82253759,1,1,1,24,2,0
1658178714,82457375,1,1,1,2,22,6
1658161622,54000609,1,1,1,31,1,1
1515739220,27415512,1,0,0,35,0,0
1658178636,49859500,1,1,1,8,7,2
1658178701,214139374,1,1,1,26,0,3
1658178597,213702608,1,1,1,12,2,5
1658178711,559507144,1,1,1,12,3,10
1658178583,213700358,1,1,1,13,0,7
1658178662,653063170,1,1,1,23,11,4
1658178709,3906215030,1,1,1,31,4,3
1658178769,129151834,1,1,1,30,2,9
1658178738,237041013,1,1,1,15,3,1
1658178465,54000553,1,1,1,35,0,0
1658178652,653200142,1,1,1,26,8,2
1658178731,650091839,1,1,1,3,11,10
1658178663,362869414,1,1,1,16,9,0
1658178747,55664548,1,1,1,16,14,2
1658178778,100859941,1,1,1,43,3,4
1658178782,49368561,1,1,1,37,16,3
1658178297,42743053,1,1,1,17,9,8
1658178615,213699913,1,1,1,17,3,7
1658178660,101740379,1,1,1,37,0,4
1658178734,4329844165,1,1,1,29,1,3
1658178544,213694069,1,1,1,20,2,4
1655990886,214134714,1,0,0,26,0,0
1658178727,468843711,1,1,1,22,1,0
1658178621,378626842,1,1,1,49,0,1
1658178742,27414945,1,1,1,0,9,6
1658178444,210090269,1,1,1,46,8,7
1658178771,376664868,1,1,1,19,3,7
1658178767,2515927759,1,1,1,8,8,12
1658178188,205955605,1,1,1,33,2,1
1658178609,933214552,1,1,1,8,15,1
1658178629,66491370,1,1,1,17,9,1
1658178766,353462947,1,1,1,5,21,3
1658178605,1559700274,1,1,1,9,2,9
1658138066,39217683,1,1,1,12,8,2
1658178621,213688824,1,1,1,31,1,1
1658178739,82337423,1,1,1,44,2,0
1658178618,66491404,1,1,1,14,2,5
1658178774,652120758,1,1,1,53,4,2
1658178675,66491393,1,1,1,31,16,0
1658178492,1062223873,1,1,1,15,5,2
1658178568,49085250,1,1,1,8,5,4
1658178690,376526598,1,1,1,46,0,1
1658178571,27071684,1,1,1,25,7,1
1658178737,2515907297,1,1,1,10,6,1
1658178625,66491401,1,1,1,46,5,5
1658178733,341388492,1,1,1,42,1,2
1658178782,985828965,1,1,1,1,36,3
1658178776,338762459,1,1,1,11,14,2
1658178772,323486248,1,1,1,3,11,2
1658178770,66491392,1,1,1,25,11,7
1658178774,478952881,1,1,1,17,1,5
1658178772,501318622,1,1,1,7,15,2
1658178746,38263504,1,1,1,16,3,3
1658178476,470807791,1,1,1,26,1,5
1658178663,82445192,1,1,1,38,0,0
1658178706,2515658032,1,1,1,8,2,9
1658178525,568135465,1,1,1,31,2,4
1657840010,570185777,1,0,0,0,0,0
1658178553,214102967,1,1,1,37,1,5
1658178542,54000597,1,1,1,20,2,0
1658178596,82417874,1,1,1,30,15,7
1658178577,102319838,1,1,1,13,1,1
1658178723,652192395,1,1,1,35,28,3
1658178563,571923059,1,1,1,29,5,12
1658178780,66491405,1,1,1,17,3,6
1658178703,54000635,1,1,1,19,6,6
1658178732,54000544,1,1,1,4,31,2
1658178778,1062179194,1,1,1,18,5,2
1658178561,1063017616,1,1,1,6,9,6
1658178786,378648513,1,1,1,25,8,2
1658178696,27278603,1,1,1,21,1,4
1658178777,13497763,1,1,1,21,1,1
1658178570,653042442,1,1,1,38,1,1
1658178777,49807107,1,1,1,13,2,2
1658178757,82450803,1,1,1,39,18,2
1658178733,210747224,1,1,1,27,21,0
1658178592,210568512,1,1,1,60,1,0
1658178590,213691542,1,1,1,49,0,2
1658178694,357409723,1,1,1,3,22,5
1658178593,2515855808,1,1,1,33,1,0
1658178680,384370499,1,1,1,0,14,11
1658178737,49403716,1,1,1,27,0,0
1658178675,54000571,1,1,1,16,30,7
1658178590,473204291,1,1,1,29,2,1
1658178681,27363103,1,1,1,17,12,2
1658178701,85145704,1,1,1,18,2,5
1658178732,653044270,1,1,1,1,10,6
1658178440,26958435,1,1,1,15,7,3
1658178706,6385,1,1,1,19,0,2
1658178757,213857398,1,1,1,1,2,11
1658178633,82550925,1,1,1,7,22,7
1658178654,27363096,1,1,1,11,18,4
1658178742,85165045,1,1,1,4,11,6
1658178750,129119449,1,1,1,1,9,9
1658178786,475524450,1,1,1,9,5,9
1658178746,653048150,1,1,1,18,16,6
1658178522,244400797,1,1,1,11,5,6
1658178511,213922790,1,1,1,43,0,6
1658178570,129001431,1,1,1,28,0,1
1658178577,210753033,1,1,1,4,5,4
1658142049,653203262,1,1,1,1,8,8
1658178787,406806401,1,1,1,3,9,15
1658178784,85143075,1,1,1,21,0,9
1658178578,1063035479,1,1,1,5,7,10
1658178601,54000595,1,1,1,19,12,4
1658178775,82571110,1,1,1,21,3,2
1658178588,54000582,1,1,1,25,1,1
1658178531,217235307,1,1,1,10,5,9
1658178774,210748575,1,1,1,28,15,7
1658178621,82421994,1,1,1,29,1,2
1658178784,214123470,1,1,1,2,19,3
1658178412,129086648,1,1,1,35,5,2
1658178543,217572769,1,1,1,9,8,11
1658178692,214298601,1,1,1,19,1,2
1658178295,129125489,1,1,1,21,0,0
1658178625,214122655,1,1,1,22,7,1
1658178554,15461933,1,1,1,14,1,1
1658178610,82458977,1,1,1,4,9,10
1658178683,129077035,1,1,1,43,2,6
1658178642,221047138,1,1,1,12,0,6
1658178783,15308782,1,1,1,5,28,0
1658178613,216473073,1,1,1,14,0,4
1658178622,37521,1,1,1,14,1,1
1642540077,35196898,1,0,0,27,0,0
1658178643,653046029,1,1,1,25,5,1
1658178643,2515976231,1,1,1,9,2,7
1658178755,129103849,1,1,1,13,3,4
1658178614,1057009034,1,1,1,22,3,1
1658178785,82334007,1,1,1,1,42,3
1658178744,214146056,1,1,1,20,5,1
1658178718,85008390,1,1,1,43,25,3
1658178375,216039437,1,1,1,24,0,1
1658178656,215495494,1,1,1,32,11,2
1658178641,43155320,1,1,1,39,1,7
1658178672,129130397,1,1,1,0,15,6
1658178195,653129412,1,1,1,22,1,7
1658178623,54000634,1,1,1,8,13,4
1658178706,419381597,1,1,1,42,5,2
1658178786,54000548,1,1,1,7,23,1
1658178551,54000466,1,1,1,28,0,1
1658178773,426772876,1,1,1,23,5,3
1658178769,74620630,1,1,1,20,4,2
1658178727,129091653,1,1,1,27,3,3
1658178437,100905057,1,1,1,23,0,0
1658178782,129134084,1,1,1,14,9,2
1658178689,210754072,1,1,1,7,16,11
1658178617,419991048,1,1,1,47,2,0
1658178756,2820744873,1,1,1,22,3,3
1658178555,213676825,1,1,1,36,11,1
1658178787,15299574,1,1,1,34,10,3
1658178775,41566122,1,1,1,21,24,7
1658178557,963786819,1,1,1,22,4,4
1658178777,427678168,1,1,1,25,15,4
1658178641,976762284,1,1,1,22,2,2
1658178446,213686196,1,1,1,17,0,0
1658178757,11004671601,1,1,1,2,13,10
1658178729,27414601,1,1,1,36,4,2
1658178721,129036192,1,1,1,9,3,1
1658178721,82421013,1,1,1,18,15,2
1658178695,434419150,1,1,1,34,1,1
1658178764,252339799,1,1,1,22,5,1
1658178665,224589573,1,1,1,15,2,1
1658178745,220502135,1,1,1,17,18,1
1658178526,129114993,1,1,1,27,0,5
1658178731,129124069,1,1,1,16,0,5
1658178314,221094844,1,1,1,16,4,1
1658178783,220726050,1,1,1,51,0,0
1658178727,254224239,1,1,1,16,35,10
1658178687,1805401614,1,1,1,16,7,4
1658178763,129116697,1,1,1,16,2,1
1658178658,977409509,1,1,1,32,2,4
1658178753,653055049,1,1,1,28,4,2
1658178780,221041655,1,1,1,45,6,5
1658178752,1057769632,1,1,1,9,10,7
1658178436,1333959209,1,1,1,11,1,6
1658178550,213690256,1,1,1,41,2,1
1658178623,476183970,1,1,1,38,0,0
1658178555,632007124,1,1,1,34,1,1
1658178675,977206088,1,1,1,8,14,8
1658178757,213868408,1,1,1,24,1,4
1658178697,129061615,1,1,1,22,7,3
1658178686,43165673,1,1,1,17,12,6
1658178679,82381710,1,1,1,13,0,1
1658178594,224598098,1,1,1,16,31,3
1658178769,10968855,1,1,1,15,1,1
1658178661,82508970,1,1,1,10,4,12
1658178708,653055097,1,1,1,19,3,0
1658178580,221038698,1,1,1,22,1,3
1658178610,27246227,1,1,1,23,0,0
1658178663,63297,1,1,1,11,5,5
1658178778,95927849,1,1,1,2,13,9
1658178567,102341385,1,1,1,13,5,4
1658178777,54000605,1,1,1,18,15,6
1658178652,979059925,1,1,1,20,2,5
1658178525,6512,1,1,1,9,1,5
1658178722,27363323,1,1,1,29,0,3
1658178636,85118872,1,1,1,28,1,8
1658178516,102289046,1,1,1,1,16,4
1658178615,124402232,1,1,1,39,0,1
1658178784,985086307,1,1,1,3,6,12
1658178663,27415327,1,1,1,22,1,3
1658178779,100798076,1,1,1,7,13,0
1658178759,15298647,1,1,1,32,3,1
1658178366,1063404053,1,1,1,14,1,5
1613034881,76199110,1,0,0,0,0,0
1658178406,54000598,1,1,1,22,0,3
1658178784,2515829865,1,1,1,5,6,10
1658178747,989753852,1,1,1,3,5,11
1658178770,990000217,1,1,1,1,8,5
1658178773,121025345,1,1,1,8,3,2
1658178480,213692714,1,1,1,20,0,3
1658178763,82577019,1,1,1,22,4,4
1658178733,39256416,1,1,1,18,18,11
1658178523,255207155,1,1,1,18,1,1
1658178747,63769334,1,1,1,9,4,25
1658178710,129136818,1,1,1,0,7,13
1658178560,37936869,1,0,0,35,0,0
1658178690,27415469,1,1,1,19,0,4
1658178223,39599631,1,1,1,22,0,1
1658178715,84979504,1,1,1,23,2,0
1658178523,85120104,1,1,1,2,1,12
1658178658,653059015,1,1,1,26,1,2
1658178788,101748685,1,1,1,17,21,5
1658178744,54000608,1,1,1,47,2,2
1658178752,653080986,1,1,1,6,0,1
1658178784,102743096,1,1,1,11,1,14
1658178787,66491394,1,1,1,23,17,2
1658178750,126175087,1,1,1,7,9,7
1658178766,101746493,1,1,1,16,22,14
1658178780,27363137,1,1,1,10,7,4
1658178409,339797666,1,1,1,19,1,5
1658178647,1968156458,1,1,1,10,19,1
1658178768,82404497,1,1,1,11,16,7
1658178638,991351798,1,1,1,19,4,0
1658178201,7304,1,1,1,14,0,0
1658178780,54000592,1,1,1,14,20,1
1658178551,54000572,1,1,1,5,12,3
1658161119,15409531,1,1,1,15,0,1
1658178727,29327,1,1,1,4,10,7
1658178712,36298,1,1,1,8,5,1
1658178604,37903195,1,1,1,24,1,1
1658178756,102313219,1,1,1,17,4,12
1658178736,100906707,1,1,1,20,12,8
1658178651,624177860,1,1,1,41,6,2
1658178735,66491407,1,1,1,14,1,5
1658178787,27369223,1,1,1,15,0,0
1658178630,102336814,1,1,1,6,7,2
1658178472,484423835,1,1,1,14,3,8
1658178733,54000618,1,1,1,8,4,5
1658178664,653059879,1,1,1,25,3,11
1658178691,210583589,1,1,1,13,11,5
1658178724,653050378,1,1,1,16,15,1
1658178616,15291968,1,1,1,9,4,0
1658178644,126354477,1,1,1,16,1,1
1658178677,15387809,1,1,1,50,5,7
1658178783,1002059045,1,1,1,22,1,3
1658178785,1002738770,1,1,1,14,10,3
1658178515,100918666,1,1,1,17,2,2
1658178616,213987795,1,1,1,34,0,5
1658178720,15397468,1,1,1,2,36,8
1658178753,129101773,1,1,1,22,5,15
1658178713,84966359,1,1,1,23,0,2
1658178763,42908639,1,1,1,26,2,0
1658178669,125469898,1,1,1,29,2,2
1658178738,35137730,1,1,1,34,12,3
1658178272,52329,1,1,1,34,1,2
1658178686,42499285,1,1,1,34,5,3
1658178740,85162552,1,1,1,22,4,16
1655504532,88235134,1,0,0,1,0,1
1658178704,2515738489,1,1,1,12,2,6
1658178662,256561528,1,1,1,2,30,9
1658178239,452920451,1,1,1,21,0,2
1658178623,37920,1,1,1,24,9,0
1658178740,54000588,1,1,1,62,0,4
1658178619,1020700136,1,1,1,1,14,4
1658178784,100855693,1,1,1,23,1,1
1658178628,54000549,1,1,1,9,5,0
1658178693,54000586,1,1,1,27,3,2
1658178722,102304517,1,1,1,32,10,3
1658178769,128889359,1,1,1,18,13,6
1658178527,54000546,1,1,1,29,0,2
1658178218,129042700,1,1,1,48,8,2
1658178662,101761298,1,1,1,34,7,3
1658178787,912377361,1,1,1,7,34,2
1658178438,256124192,1,1,1,25,11,4
1658178766,27364581,1,1,1,20,1,4
1658178498,653127524,1,1,1,15,10,5
1658178763,2515686699,1,1,1,21,0,4
1658178530,210737808,1,1,1,21,0,2
1658178686,259977414,1,1,1,1,15,4
1658178468,82568336,1,1,1,16,2,7
1658178557,1021176825,1,1,1,19,2,0
1658178650,54000611,1,1,1,9,1,15
1658178245,66491408,1,1,1,26,0,5
1658178768,100872260,1,1,1,23,14,2
1658178736,36151,1,1,1,14,0,2
1658178749,213848056,1,1,1,6,47,1
1658178700,452936197,1,1,1,26,29,2
1658178674,54000545,1,1,1,36,24,2
1658178584,66505511,1,1,1,27,1,0
1658178746,224256188,1,1,1,22,5,1
1658178730,66491386,1,1,1,47,9,1
1658178633,1023083417,1,1,1,18,0,1
1658178759,54000539,1,1,1,20,13,1
1658178575,1025995767,1,1,1,3,11,6
1658178768,101490103,1,1,1,21,2,0
1658178586,82432573,1,1,1,31,1,17
1658178625,1021553839,1,1,1,29,2,2
1658178767,54000541,1,1,1,24,3,2
1658178715,653065577,1,1,1,26,2,1
1658178750,1034242363,1,1,1,34,0,0
1658178744,335780498,1,1,1,15,16,1
1658178786,256403519,1,1,1,19,1,1
1658178597,484387018,1,1,1,27,0,1
1658178273,544249939,1,1,1,43,3,3
1658178577,1035816937,1,1,1,19,5,2
1658178760,66507229,1,1,1,19,2,4
1658178772,27415012,1,1,1,64,0,0
1658178627,263610599,1,1,1,33,1,10
1658178633,49772483,1,1,1,11,0,7
1658178537,653066427,1,1,1,18,3,5
1658178770,129089749,1,1,1,25,1,5
1658178734,100770878,1,1,1,3,15,4
1658156595,27415297,1,1,1,50,0,2
1658178750,54000607,1,1,1,2,15,2
1658178777,13283986,1,1,1,11,18,3
1658178708,100910836,1,1,1,15,16,13
1658178381,6515,1,1,1,28,0,1
1658178659,41523981,1,1,1,0,30,2
1658178541,1034247348,1,1,1,31,1,1
1658178541,39536951,1,1,1,30,0,3
1658178718,35089539,1,1,1,16,4,1
1658178782,27415169,1,1,1,19,3,0
1658178781,15412563,1,1,1,16,3,3
1658178541,30179848,1,1,1,20,4,3
1658178681,27363029,1,1,1,14,13,5
1658178778,484889494,1,1,1,1,19,4
1658178781,27363256,1,1,1,21,1,2
1658178267,100902274,1,1,1,33,2,1
1658178780,15414455,1,1,1,28,3,3
1658178700,27415285,1,1,1,17,4,1
1658178681,78348185,1,1,1,18,26,6
1658178651,36003,1,1,1,10,7,0
1658178569,27415215,1,1,1,23,1,1
1658178666,263732151,1,1,1,14,14,4
1658178674,1036199130,1,1,1,7,7,7
1658178767,129161858,1,1,1,10,13,9
1658178461,653035822,1,1,1,24,1,3
1658178655,27414460,1,1,1,30,3,1
1658178411,76488849,1,1,1,34,1,1
1658178553,66505513,1,1,1,25,1,2
1658178721,129050965,1,1,1,10,6,1
1658178768,66491368,1,1,1,39,5,3
1658178616,82419429,1,1,1,30,7,2
1658178759,349750111,1,1,1,18,10,1
1658178554,52453,1,1,1,23,1,1
1658178747,210389577,1,1,1,14,2,1
1658178725,15401095,1,1,1,19,22,2
1658178718,1055553396,1,1,1,2,10,3
1658178782,210394523,1,1,1,16,13,3
1658178786,1036226943,1,1,1,16,1,11
1658178782,1056959071,1,1,1,10,28,1
1658178775,60667075,1,1,1,22,0,0
1658178728,66491371,1,1,1,11,16,2
1658178781,486833337,1,1,1,22,11,0
1658178679,1055541632,1,1,1,4,24,12
1658178639,75313725,1,1,1,25,4,1
1658178640,606669250,1,1,1,26,7,5
1658178476,653069115,1,1,1,21,1,12
1658178668,15383032,1,1,1,39,0,0
1658178760,54000561,1,1,1,17,9,1
1658178753,54001190,1,1,1,20,0,7
1658178578,460558111,1,1,1,7,9,2
1658178592,82569809,1,1,1,18,4,0
1658178447,11851037297,1,1,1,27,1,5
1658178590,266052390,1,1,1,12,3,13
1658178588,37952191,1,1,1,23,4,3
1658178533,34300292,1,1,1,23,1,0
1658178572,82554786,1,1,1,24,2,4
1658178657,268976295,1,1,1,15,4,12
1658178359,27415444,1,1,1,26,0,3
1658178557,84983562,1,1,1,24,17,10
1658178511,129081441,1,1,1,14,2,5
1658178760,653073004,1,1,1,27,18,2
1658178702,1056986761,1,1,1,19,33,1
1658178695,41610121,1,1,1,1,23,3
1658178739,82566934,1,1,1,31,16,5
1658178599,128936618,1,1,1,34,1,0
1658178747,35106544,1,1,1,39,8,8
1658178740,267976590,1,1,1,30,33,0
1658177649,1056965116,1,1,1,49,0,1
1658178756,54000630,1,1,1,12,7,6
1658178691,54000567,1,1,1,5,20,8
1658178626,1599921040,1,1,1,24,2,4
1658178779,129096696,1,1,1,3,0,10
1658178765,82590367,1,1,1,30,22,2
1658178766,82573931,1,1,1,18,10,8
1658178630,82436057,1,1,1,9,7,6
1658178779,43219958,1,1,1,38,0,0
1658178778,269953055,1,1,1,1,22,5
1658178718,82448637,1,1,1,40,5,1
1658178785,271540743,1,1,1,22,2,1
1658178598,452347778,1,1,1,0,8,12
1658178668,13372702,1,1,1,30,1,2
1658178712,1599931563,1,1,1,19,2,8
1658178778,15411223,1,1,1,17,3,3
1658178512,85152599,1,1,1,45,1,0
1658178589,284711589,1,1,1,7,9,2
1658178555,30550,1,1,1,23,0,1
1658178745,478593396,1,1,1,2,0,14
1658178762,213675430,1,1,1,9,33,6
1658178710,462875227,1,1,1,19,4,1
1658178488,213693126,1,1,1,20,0,2
1658178381,363735875,1,1,1,3,9,3
1658178752,265266148,1,1,1,9,4,9
1658178585,357491025,1,1,1,22,0,0
1658178761,457713145,1,1,1,36,1,5
1658178406,392576677,1,1,1,16,4,2
1658178665,66491406,1,1,1,42,2,3
1658178730,338853596,1,1,1,24,0,2
1658178782,1056995858,1,1,1,22,2,4
1658178672,27414924,1,1,1,12,3,6
1658178578,390075668,1,1,1,22,13,2
1658178786,54000550,1,1,1,14,11,5
1658178550,1056972307,1,1,1,47,1,1
1658178616,653217067,1,1,1,1,2,16
1658178701,1109534105,1,1,1,0,1,19
1658178571,124390478,1,1,1,12,2,3
1658178734,365181481,1,1,1,23,21,8
1658178646,653076373,1,1,1,27,7,0
1653895841,11851327865,0,0,0,30,0,0
1658178687,52456,1,1,1,26,0,2
1658178615,15310509,1,1,1,4,13,0
1658178580,275968458,1,1,1,54,3,1
1658178755,213995665,1,1,1,16,5,8
1658178729,1056979685,1,1,1,19,4,1
1658178293,128928526,1,1,1,11,2,2
1658178620,27415123,1,1,1,11,16,1
1658178408,287096529,1,1,1,41,0,0
1658178496,97705710,1,1,1,18,16,5
1658178686,13242682,1,1,1,31,0,0
1658178527,278576043,1,1,1,10,3,4
1658178638,213695073,1,1,1,33,0,0
1658178641,284708999,1,1,1,31,0,6
1658178752,653079520,1,1,1,13,3,2
1658136341,653076393,1,1,1,8,13,13
1658178622,129069108,1,1,1,30,5,3
1597371137,213936755,1,0,0,49,0,0
1658178559,30641281,1,1,1,15,5,1
1658178604,54000593,1,1,1,31,2,5
1658178652,27362949,1,1,1,27,2,2
1658178431,1057003116,1,1,1,14,14,2
1658178774,285726279,1,1,1,22,0,2
1652035916,41587607,1,0,0,30,0,0
1658178773,285454061,1,1,1,14,0,1
1658178742,213686471,1,1,1,23,0,1
1658178760,7261,1,1,1,18,0,1
1658178780,291354793,1,1,1,48,0,1
1658178765,213685863,1,1,1,40,11,0
1658178755,653062048,1,1,1,24,0,0
1658178662,1062812659,1,1,1,49,6,2
1658178709,653079135,1,1,1,3,4,7
1658178650,38319086,1,1,1,29,5,1
1658178741,653129435,1,1,1,4,9,3
1658178747,221032834,1,1,1,45,1,2
1658178589,124622630,1,1,1,26,9,1
1658178542,594942659,1,1,1,16,3,0
1658178682,96512532,1,1,1,17,0,1
1658178488,362178041,1,1,1,18,5,5
1658178666,100783424,1,1,1,7,52,7
1658178481,27415524,1,1,1,17,4,2
1658178779,422639331,1,1,1,9,11,8
1658178438,1057061349,1,1,1,17,10,2
1658178776,292871105,1,1,1,10,3,8
1658178778,38280,1,1,1,11,5,1
1658178786,653125838,1,1,1,15,6,6
1658178524,476053320,1,1,1,15,9,1
1658178733,129121741,1,1,1,34,10,4
1658178721,404947652,1,1,1,6,20,5
1658178454,129142199,1,1,1,21,2,5
1658178717,210584503,1,1,1,8,4,1
1658178610,42541542,1,1,1,33,0,0
1658178787,27363558,1,1,1,7,18,3
1658178631,214109662,1,1,1,16,0,4
1658178725,653122771,1,1,1,1,18,4
1658178727,35147530,1,1,1,0,19,4
1658178520,1057081237,1,1,1,17,0,7
1658178778,101756482,1,1,1,3,32,11
1658178586,1057179405,1,1,1,24,0,4
1658178584,653135400,1,1,1,0,13,13
1658178592,213689228,1,1,1,35,3,4
1658178475,409364001,1,1,1,15,2,1
1658178724,129079313,1,1,1,15,22,5
1658178705,129135654,1,1,1,2,21,2
1658178633,653080383,1,1,1,12,33,2
1658178666,1057039016,1,1,1,13,2,5
1658178763,1057045129,1,1,1,16,18,6
1658178667,1190800638,1,1,1,9,9,4
1658178508,302725495,1,1,1,42,1,6
1658178546,303102719,1,1,1,4,2,5
1658178697,27363277,1,1,1,36,1,1
1658178786,6295,1,1,1,0,17,2
1658178680,303452950,1,1,1,14,3,16
1658178451,54000617,1,1,1,17,1,2
1526880629,213691137,1,0,0,30,0,0
1658178545,653131074,1,1,1,8,0,16
1658178787,308082350,1,1,1,14,1,0
1658178726,653126035,1,1,1,1,7,12
1658178733,36473,1,0,0,12,1,0
1658178784,210745258,1,1,1,3,28,16
1658178768,37921892,1,1,1,11,10,3
1658178712,457834134,1,1,1,26,0,1
1658178571,653123610,1,1,1,29,2,2
1658178745,35101194,1,1,1,0,28,1
1658178750,54000615,1,1,1,21,2,7
1658178737,135806005,1,1,1,4,0,13
1658178710,66491395,1,1,1,23,12,2
1658178598,653135378,1,1,1,29,1,5
1658178738,54000562,1,1,1,27,0,3
1658178666,402212574,1,1,1,23,3,2
1658178525,1057184567,1,1,1,22,1,10
1658178667,1057319366,1,1,1,13,14,2
1658178576,34235349,1,1,1,16,2,10
1658178499,210751059,1,1,1,14,1,1
1658178423,1057203651,1,1,1,42,0,0
1658178540,453172172,1,1,1,1,0,12
1658178712,478385490,1,1,1,16,2,9
1658178251,102326776,1,1,1,22,0,1
1658178716,213706622,1,1,1,19,0,2
1658178602,213686749,1,1,1,29,3,4
1658178776,1057302263,1,1,1,7,8,3
1658178716,82572699,1,1,1,2,9,15
1658178534,311552027,1,1,1,37,6,0
1658178717,27269170,1,1,1,18,1,2
1658178688,82550543,1,1,1,2,44,4
1658178686,82375611,1,1,1,27,14,3
1658178533,443402852,1,1,1,42,4,2
1658178725,1062162270,1,1,1,7,5,8
1658178661,38192,1,1,1,19,13,2
1658178783,84958519,1,1,1,27,2,2
1658178673,559980654,1,1,1,24,0,0
1658178561,213952930,1,0,0,30,0,0
1658178572,458086607,1,1,1,22,5,0
1658178653,7247,1,1,1,20,1,1
1658178718,653081846,1,1,1,30,0,0
1658178743,213689815,1,1,1,18,12,5
1658178543,443198808,1,1,1,33,0,2
1658178788,620676855,1,1,1,5,11,6
1658178782,98187918,1,1,1,33,18,3
1658178765,13191324,1,1,1,31,2,0
1658178528,210738704,1,1,1,20,3,1
1658178711,102745622,1,1,1,1,22,5
1658178622,213999554,1,1,1,15,2,3
1658178710,213677219,1,1,1,1,15,4
1658178542,6294,1,1,1,12,8,1
1658178517,85155919,1,1,1,15,7,6
1658178744,1062238429,1,1,1,0,7,8
1658178574,369011098,1,1,1,13,2,6
1658178569,102343591,1,1,1,12,7,12
1658178734,27415150,1,1,1,21,0,0
1658178722,82565383,1,1,1,29,10,6
1658178657,653134004,1,1,1,20,4,1
1658178680,27415246,1,1,1,19,22,2
1658178305,389788858,1,1,1,53,17,4
1658178746,1056947780,1,1,1,30,0,0
1658178641,38327,1,1,1,35,1,5
1658178743,100925033,1,1,1,45,0,0
1658178634,109609241,1,1,1,16,15,1
1658178654,101491821,1,1,1,29,3,6
1658178678,82562496,1,1,1,10,5,4
1658178750,235197110,1,1,1,24,19,3
1658178774,417088374,1,1,1,3,29,6
1658178614,129145892,1,1,1,41,1,5
1658178576,439750210,1,1,1,17,3,4
1658178557,82584215,1,1,1,48,8,4
1658178678,42720305,1,1,1,37,1,0
1658178712,653205656,1,1,1,11,6,9
1658178491,653147618,1,1,1,18,3,4
1658178612,335989765,1,1,1,19,18,11
1658178520,417623119,1,1,1,19,0,1
1658178656,54000632,1,1,1,23,2,8
1658178735,428088564,1,1,1,1,10,10
1658178641,365886904,1,1,1,31,4,1
1658178522,85015750,1,1,1,35,2,1
1658178630,27064639,1,1,1,20,0,1
1658178783,102722579,1,1,1,13,12,1
1658178720,653083263,1,1,1,37,1,1
1658178493,39151458,1,1,1,4,4,10
1658178762,213682190,1,1,1,40,0,3
1658178787,468354634,1,1,1,23,3,4
1658178577,379063990,1,1,1,7,8,6
1658178663,221036108,1,1,1,30,6,11
1658178765,213692227,1,1,1,28,4,4
1658178597,75641607,1,1,1,29,0,0
1658178534,653137566,1,1,1,26,3,4
1658178708,213674686,1,1,1,21,10,5
1658178741,38522,1,1,1,20,0,2
1658178606,488889101,1,1,1,19,4,6
1658178641,653083675,1,1,1,10,1,8
1658178783,266422568,1,1,1,20,0,3
1658178650,488872892,1,1,1,18,17,6
1658178509,488800137,1,1,1,26,0,0
1658178656,1057730786,1,1,1,18,0,1
1658178779,131094294,1,1,1,10,9,10
1658178742,129016495,1,1,1,50,1,1
1658178659,1057335613,1,1,1,23,6,1
1658178545,491687415,1,1,1,15,2,3
1658178206,39202840,1,1,1,15,1,0
1658178559,653141822,1,1,1,12,7,2
1658178631,488980540,1,1,1,28,5,1
1658178729,54000599,1,1,1,12,9,3
1658178659,1057221951,1,1,1,4,18,4
1658178669,653137567,1,1,1,4,15,3
1658178287,54000600,1,1,1,25,1,7
1658178786,82455731,1,1,1,28,24,10
1658178737,15212034,1,1,1,15,3,2
1658178726,494183852,1,1,1,34,3,1
1658178726,1057399900,1,1,1,16,2,6
1658178638,559595472,1,1,1,8,13,2
1658178429,210395439,1,1,1,21,1,4
1658178393,491932748,1,1,1,39,0,0
1658178680,1057329581,1,1,1,9,8,7
1658178557,1057378487,1,1,1,10,1,9
1658178648,1057737444,1,1,1,42,6,3
1658178665,82336035,1,1,1,12,3,0
1658178437,1314450240,1,1,1,3,10,2
1658178369,2515636592,1,1,1,10,6,2
1658178772,255322397,1,1,1,22,0,3
1658178653,653139063,1,1,1,24,23,4
1658178663,1057091571,1,1,1,23,3,2
1658178404,210582231,1,1,1,25,0,0
1658178724,653087180,1,1,1,21,3,5
1656114400,583171360,1,0,0,30,0,0
1658178746,312870435,1,1,1,9,0,0
1658178625,1057354004,1,1,1,5,18,4
1658178776,129106450,1,1,1,25,6,3
1658178648,1057405802,1,1,1,22,0,5
1658178667,27414544,1,1,1,7,6,8
1658178645,213894629,1,1,1,35,4,4
1658178779,100923502,1,1,1,7,9,1
1658178598,129059516,1,1,1,33,8,3
1658178734,1227051850,1,1,1,17,20,1
1658178719,1057748427,1,1,1,23,16,4
1658178465,285001735,1,1,1,38,0,1
1658178739,54000560,1,1,1,9,8,2
1658178651,1062742831,1,1,1,31,4,1
1658178747,101017160,1,1,1,3,20,9
1658178650,100933541,1,1,1,20,2,5
1658178741,36391,1,1,1,18,1,0
1658178686,100934967,1,1,1,12,20,1
1658178773,437741660,1,1,1,20,21,2
1658178775,1062783107,1,1,1,23,5,2
1658178567,15309045,1,1,1,13,0,2
1658178644,653086121,1,1,1,28,0,5
1658178709,653139897,1,1,1,10,2,14
1658178492,476155906,1,1,1,19,4,1
1658178654,101011685,1,1,1,20,4,0
1658178655,27415547,1,1,1,7,6,11
1658178736,54000543,1,1,1,21,5,2
1613934558,1015246367,1,0,0,25,0,0
1658178716,284787594,1,1,1,32,5,1
1658178593,1057765913,1,1,1,34,3,0
1658178761,1062704564,1,1,1,17,19,1
1658178584,221043930,1,1,1,31,0,5
1658178777,1057234527,1,1,1,11,17,12
1658178535,49498164,1,1,1,10,2,2
1658178679,76121343,1,1,1,0,8,4
1658178333,1057072168,1,1,1,16,3,4
1658178567,1062685145,1,1,1,15,2,0
1658178497,1056715831,1,1,1,18,3,0
1658178567,101742129,1,1,1,33,4,1
1658178782,1057360420,1,1,1,26,0,0
1658178232,49117995,1,1,1,15,1,1
1658178586,214119792,1,1,1,4,12,4
1658178725,1057366813,1,1,1,16,8,8
1658178769,37504995,1,1,1,2,26,4
1658178755,131908132,1,1,1,15,2,1
1658178710,27363337,1,1,1,10,18,2
1658178692,125811629,1,1,1,15,25,3
1658178713,102307005,1,1,1,19,1,3
1658178735,1057753858,1,1,1,8,22,3
1658178432,452341449,1,1,1,13,4,8
1658178771,54000590,1,1,1,23,16,8
1658178775,6298,1,1,1,19,2,0
1658178669,27359295,1,1,1,28,1,0
1658178720,54000587,1,1,1,26,2,2
1658178725,81212212,1,1,1,16,1,5
1658178528,653087914,1,1,1,0,14,10
1658178625,41219552,1,1,1,22,0,1
1658178727,101738550,1,1,1,9,4,6
1658178498,54000622,1,1,1,26,2,0
1658178582,82339935,1,1,1,32,2,1
1658178523,27414713,1,1,1,12,11,5
1658178713,54000564,1,1,1,24,1,2
1658178763,13912564,1,1,1,15,9,0
1658178654,42907187,1,1,1,17,5,3
1658178591,58311330,1,1,1,14,6,4
1658178666,100967498,1,1,1,24,12,11
1658178759,39149651,1,1,1,24,23,3
1658178354,43247025,1,1,1,11,2,3
1658178629,70903158,1,1,1,14,9,1
1658178667,37879071,1,1,1,23,6,4
1658178642,41464928,1,1,1,42,18,0
1658178649,54000619,1,1,1,31,1,0
1658178732,38060,1,1,1,41,0,1
1658178497,101008598,1,1,1,25,12,4
1658178596,82332239,1,1,1,28,7,0
1658178711,75525462,1,1,1,22,8,14
1658178668,15462861,1,1,1,28,2,1
1658178706,95845524,1,1,1,3,12,0
1658178636,38407,1,1,1,33,4,3
1658178545,82554449,1,1,1,51,6,3
1658178714,39535340,1,1,1,0,27,2
1658178720,1062797394,1,1,1,23,0,1
1658178317,54000570,1,1,1,28,4,2
1658178598,1062256852,1,1,1,2,6,12
1658178613,1057373549,1,1,1,15,4,3
1658178739,653089942,1,1,1,16,3,2
1658178601,128841079,1,1,1,24,11,2
1658178689,220504949,1,1,1,30,1,0
1658178741,15308712,1,1,1,8,13,2
1658178782,7295,1,1,1,8,3,3
1658178661,27296946,1,1,1,20,0,4
1658178604,653143563,1,1,1,23,2,4
1658178753,443153677,1,1,1,15,14,6
1658178729,265201872,1,1,1,35,13,4
1658178786,66505510,1,1,1,51,8,3
1658178766,66491391,1,1,1,22,7,3
1658178719,1062245074,1,1,1,1,18,6
1658178305,201923447,1,1,1,25,10,2
1658178741,9931940126,1,1,1,25,5,8
1658178432,1057758764,1,1,1,15,14,8
1658178725,653144717,1,1,1,8,6,7
1658178267,42275164,1,1,1,26,5,5
1658178700,125623876,1,1,1,17,0,2
1658178638,85031184,1,1,1,46,3,1
1658178763,97824043,1,1,1,4,11,5
1658178566,66491379,1,1,1,6,2,4
1658178787,39169029,1,1,1,10,10,3
1658178563,35600927,1,1,1,35,0,0
1658178741,100868590,1,1,1,15,8,1
1658178680,54000616,1,1,1,21,4,6
1658178572,27364642,1,1,1,23,1,3
1658178463,66491381,1,1,1,15,4,9
1658178787,49094984,1,1,1,31,0,4
1658178769,77773,1,1,1,20,2,5
1658178517,15463487,1,1,1,23,2,1
1658178469,52518,1,1,1,21,0,1
1658178628,1062874070,1,1,1,35,1,2
1658178625,82574198,1,1,1,19,16,5
1658178757,30730,1,1,1,29,4,1
1658178640,27415389,1,1,1,26,0,3
1658163137,1062802530,1,1,1,15,4,3
1658178788,653091206,1,1,1,26,7,5
1658178743,653042678,1,1,1,3,18,4
1658178712,75345531,1,1,1,14,1,0
1658178659,66505516,1,1,1,1,27,16
1658178579,49341735,1,1,1,25,7,8
1658178558,15309674,1,1,1,7,12,1
1658178618,66491367,1,1,1,10,3,0
1658178774,129023855,1,1,1,23,0,1
1658178644,54000554,1,1,1,30,1,0
1658178625,27414902,1,1,1,14,4,2
1658178651,2515672078,1,1,1,14,7,2
1658178703,35317080,1,1,1,4,3,12
1658178731,27415179,1,1,1,20,1,1
1658178713,653146273,1,1,1,2,14,5
1658178774,1062882947,1,1,1,2,5,14
1658178762,653091677,1,1,1,10,7,6
1658178745,35472299,1,1,1,9,2,1
1658178754,1805255023,1,1,1,16,14,0
1658178690,66489651,1,1,1,29,2,1
1658178762,1057207064,1,1,1,3,9,12
1658178756,39626277,1,1,1,6,8,0
1658178638,213687475,1,1,1,17,1,3
1658178586,1062982815,1,1,1,17,0,2
1658178788,128890772,1,1,1,2,22,1
1658178766,266963426,1,1,1,25,24,1
1658178674,7268,1,1,1,18,4,7
1658178253,1237624420,1,1,1,30,0,0
1658178651,129152818,1,1,1,10,5,5
1658178773,27313492,1,1,1,17,8,3
1658178760,338824395,1,1,1,7,8,1
1658178698,128932790,1,1,1,29,0,0
1658178769,100760396,1,1,1,14,14,2
1658178726,210585225,1,1,1,16,2,2
1658178126,82396562,1,1,1,14,3,2
1658178766,312165511,1,1,1,13,20,1
1658178504,262607058,1,1,1,28,1,3
1658157404,1074095810,1,1,1,19,1,2
1658178782,128880156,1,1,1,19,3,1
1658178556,27415411,1,1,1,23,0,0
1658178770,210387163,1,1,1,26,5,0
1658178572,653150828,1,1,1,11,5,2
1658178713,443654970,1,1,1,24,11,0
1658178641,1063971944,1,1,1,28,0,0
1658178621,15153595,1,1,1,27,3,1
1658178679,54000465,1,1,1,12,14,1
1658178476,471094898,1,1,1,9,9,6
1658178755,66499894,1,1,1,13,14,6
1658178785,100759356,1,1,1,11,3,2
1658178701,1062911162,1,1,1,26,0,2
1658178719,42341698,1,1,1,41,0,1
1658178484,653187900,1,1,1,27,5,7
1658154437,128874528,1,1,1,1,10,6
1658178685,1062827573,1,1,1,14,3,12
1658178594,54000542,1,1,1,23,4,1
1658178769,1074187051,1,1,1,0,25,1
1658178431,331153695,1,1,1,16,5,3
1658178588,1074142878,1,1,1,7,1,10
1658178654,11874261013,1,1,1,6,6,7
1658178619,213680246,1,1,1,33,0,1
1658178624,1064000778,1,1,1,51,2,1
1658178780,1074060095,1,1,1,25,1,2
1658178731,1057290902,1,1,1,38,4,3
1658178763,80419347,1,1,1,24,1,0
1658178577,1063000561,1,1,1,16,0,3
1658178726,213680553,1,1,1,44,6,2
1658178596,1063012692,1,1,1,16,1,3
1658178734,54000538,1,1,1,5,22,2
1658178613,82499609,1,1,1,13,20,3
1658178565,1064008882,1,1,1,1,1,17
1658178667,653152142,1,1,1,1,5,12
1658178766,129029327,1,1,1,18,0,1
1658178736,1063429705,1,1,1,21,1,0
1658178725,478250062,1,1,1,13,9,2
1658178766,1062833975,1,1,1,27,5,1
1658178660,11908510683,1,1,1,17,4,3
1658178740,2515756572,1,1,1,24,3,6
1658178511,1063410400,1,1,1,15,1,6
1658178690,80298493,1,1,1,17,3,4
1658178608,98132679,1,1,1,47,0,2
1658178771,96608796,1,1,1,7,17,4
1658178761,58391194,1,1,1,11,15,1
1658178760,1396728955,1,1,1,6,16,1
1658178662,128878135,1,1,1,6,17,4
1658089182,48800374,1,0,0,13,1,0
1658178787,1063044618,1,1,1,1,21,7
1658178534,1063421211,1,1,1,35,0,2
1658178632,569583918,1,1,1,42,0,2
1658178647,129083553,1,1,1,24,5,2
1658178603,1074204954,1,1,1,0,23,5
1658178564,100767550,1,1,1,11,30,2
1658178656,1074333296,1,1,1,32,9,0
1658178256,11908496227,1,1,1,18,5,1
1658178638,54000537,1,1,1,7,6,3
1658178785,653094517,1,1,1,37,1,1
1658178705,1063984816,1,1,1,17,0,1
1658178784,442739463,1,1,1,6,2,7
1658178686,380891087,1,1,1,13,16,3
1658178738,49423507,1,1,1,48,1,3
1658178702,128834707,1,1,1,15,5,0
1658178454,78374110,1,1,1,13,2,0
1658178740,653097126,1,1,1,22,3,1
1658178441,391845823,1,1,1,20,2,3
1658178617,15433394,1,1,1,16,7,18
1658178457,653140345,1,1,1,13,1,10
1658178701,15290700,1,1,1,12,4,5
1658178783,276989966,1,1,1,15,1,0
1658178785,2515885093,1,1,1,19,2,9
1658178605,54001189,1,1,1,24,0,2
1658178744,653153519,1,1,1,10,3,7
1658178485,39887632,1,1,1,9,8,7
1658178787,581480367,1,1,1,62,2,3
1658178713,6293,1,1,1,24,3,1
1658178643,653072212,1,1,1,1,14,14
1658178528,128843085,1,1,1,15,13,0
1658178637,1063027377,1,1,1,18,0,7
1658178673,653085678,1,1,1,9,10,2
1658178780,6352,1,1,1,10,7,0
1658178752,120564786,1,1,1,54,1,1
1658178788,210386007,1,1,1,16,2,3
1658178780,6245,1,1,1,24,2,1
1658178709,1063053136,1,1,1,13,4,3
1658178625,27414358,1,1,1,15,1,1
1658178547,101751231,1,1,1,23,8,5
1658178524,1074339090,1,1,1,19,3,4
1658178631,1062844489,1,1,1,30,1,2
1658178684,54000596,1,1,1,29,3,1
1658178787,39169877,1,1,1,44,8,14
1658178660,653155159,1,1,1,13,3,6
1658178749,653099465,1,1,1,24,0,6
1658178725,323468705,1,1,1,15,7,0
1658178635,1810975577,1,1,1,16,6,5
1658178763,2705356759,1,1,1,22,4,2
1658178689,35380305,1,1,1,35,0,0
1658178691,100790494,1,1,1,21,0,0
1658178675,653040243,1,1,1,19,6,2
1658178526,1063061372,1,1,1,33,0,2
1658178632,2705290225,1,1,1,22,7,1
1658178686,214019379,1,1,1,5,11,10
1658178753,82574979,1,1,1,13,8,5
1658178775,1599896463,1,1,1,18,0,4
1658178648,1987547083,1,1,1,26,1,3
1658178773,2705338817,1,1,1,10,7,5
1658178750,1074410417,1,1,1,10,11,6
1658178706,1074352578,1,1,1,23,0,2
1658178787,53999465,1,1,1,43,21,2
1658178609,653156540,1,1,1,34,0,1
1658178505,54000573,1,1,1,27,16,2
1658178685,210328645,1,0,0,19,0,0
1658178645,99886640,1,1,1,21,2,1
1658178483,129080400,1,1,1,20,2,1
1658178661,1981490798,1,1,1,17,3,3
1658178514,66491366,1,1,1,35,1,1
1658178568,6297,1,1,1,15,0,2
1658087321,653031913,1,0,0,19,0,0
1658178739,1074428106,1,1,1,13,11,5
1658178493,653102462,1,1,1,4,27,11
1658178639,1057210479,1,1,1,5,4,6
1658178702,27414527,1,1,1,17,0,0
1658178677,653092274,1,1,1,29,1,2
1658178693,208603342,1,1,1,20,1,0
1658178725,311153993,1,1,1,30,1,1
1658178695,632086890,1,1,1,1,18,5
1658178587,653104215,1,1,1,24,0,10
1658178581,54000557,1,1,1,14,1,5
1658178732,653110858,1,1,1,12,10,1
1658178779,653159330,1,1,1,21,5,2
1658178597,49424560,1,1,1,23,12,0
1658178781,653165196,1,1,1,6,16,3
1658178580,1074390359,1,1,1,1,21,6
1658178776,2002864789,1,1,1,8,5,2
1658178575,11146714746,1,1,1,8,8,11
1658178725,11146696292,1,1,1,11,15,4
1658178690,653107480,1,1,1,20,0,1
1658178671,1988517250,1,1,1,8,4,13
1658178598,74864208,1,1,1,23,2,3
1658178684,653166892,1,1,1,12,10,7
1658178736,653106960,1,1,1,0,30,6
1658178707,82468690,1,1,1,33,9,14
1658178406,54000536,1,1,1,33,0,1
1658178354,39565873,1,1,1,23,3,0
1658178732,1074398925,1,1,1,6,8,21
1658178603,12225158518,1,1,1,18,0,8
1658178746,12225289563,1,1,1,23,2,2
1658178641,567884788,1,1,1,21,0,0
1658178714,99950133,1,1,1,24,27,0
1658178745,549480297,1,1,1,21,0,0
1658178777,12196660096,1,1,1,8,19,2
1658178629,653175838,1,1,1,10,0,6
1658178778,84960402,1,1,1,2,30,3
1658178647,2515701705,1,1,1,13,1,3
1658178373,15550433574,1,1,1,29,0,9
1658178580,11218473640,1,1,1,21,1,2
1632509667,54000558,1,0,0,0,0,0
1658178717,653110492,1,1,1,11,12,4
1658178574,102339791,1,1,1,1,16,9
1658178763,52474,1,1,1,7,9,5
1658178786,486750405,1,1,1,16,4,2
1658178759,10773448319,1,1,1,18,3,4
1658178592,11438171152,1,1,1,15,2,6
1658178736,653046369,1,1,1,17,5,4
1658178663,125370566,1,1,1,14,0,5
1658178702,66491396,1,1,1,46,0,2
1658178683,102328355,1,1,1,10,6,4
1658178522,76352106,1,1,1,28,0,1
1658178630,653180903,1,1,1,7,18,10
1658178698,101015227,1,1,1,24,7,2
1658178637,74805344,1,1,1,30,0,0
1658178781,78124875,1,1,1,31,9,13
1658178715,54000578,1,1,1,2,21,8
1658178617,102724418,1,1,1,7,14,3
1658178748,102287315,1,1,1,18,20,5
1658178655,42950428,1,1,1,34,8,8
1658178639,100921894,1,1,1,8,8,1
1658178771,82429586,1,1,1,0,28,8
1658178694,37995,1,1,1,26,19,4
1658178756,653193536,1,1,1,11,2,7
1658178777,54000589,1,1,1,29,25,13
1658178755,74692052,1,1,1,25,3,5
1658178745,35080917,1,1,1,23,0,5
1658178428,89553051,1,1,1,19,1,1
1658178754,11218807773,1,1,1,10,27,5
1658178612,101759167,1,1,1,9,27,9
1658178661,37420,1,1,1,17,0,0
1658178698,27363058,1,1,1,9,10,3
1658178272,66491390,1,1,1,38,0,1
1658178722,653114003,1,1,1,15,3,3
1658178777,27363206,1,1,1,5,14,6
1658178664,54000591,1,1,1,20,4,13
1658178768,49791363,1,1,1,29,0,1
1658178768,7402,1,1,1,2,9,4
1658178611,75352635,1,1,1,1,16,8
1658178788,34836174,1,1,1,18,9,4
1658178675,6354,1,1,1,0,26,6
1628239218,16206842336,0,0,0,0,0,0
1658178519,101022698,1,1,1,31,2,1
1658178610,27415194,1,1,1,19,2,14
1658178605,54000624,1,1,1,18,0,1
1658178787,653114443,1,1,1,0,15,5
1658178787,74635382,1,1,1,29,3,3
1658178740,653190196,1,1,1,14,14,8
1658178783,27363156,1,1,1,5,6,10
1658178553,39776330,1,1,1,5,8,4
1658178615,54000594,1,1,1,25,0,2
1658178723,66491373,1,1,1,2,11,4
1658178751,66491409,1,1,1,15,0,5
1658178607,82583924,1,1,1,8,14,6
1658178760,124183944,1,1,1,47,2,3
1658178757,27363389,1,1,1,21,4,1
1658178306,653184632,1,1,1,26,5,2
1658178745,102751453,1,1,1,19,4,2
1628171945,16206691682,0,0,0,0,0,0
1658178637,35263507,1,1,1,15,6,0
1658178461,58086242,1,1,1,6,2,3
1658178485,82440673,1,1,1,45,3,1
1658178749,27399547,1,1,1,0,13,7
1658178732,54000610,1,1,1,37,24,5
1658178775,13356269,1,1,1,30,1,1
1658178488,54000583,1,1,1,25,6,3
1658178730,63279,1,1,1,7,6,3
1658178734,125918662,1,1,1,1,8,11
1658178602,15163771,1,1,1,13,13,3
1658178784,82571023,1,1,1,34,8,3
1658178784,100893610,1,1,1,13,35,7
1658178737,27363205,1,1,1,30,1,4
1658178704,653197206,1,1,1,8,7,9
1658178742,27415256,1,1,1,17,6,8
1658162015,101488317,1,1,1,31,0,2
1658178443,6497,1,1,1,18,1,1
1658178227,653118283,1,1,1,18,4,3
1658178622,117480156,1,1,1,39,1,0
1658178658,124167835,1,1,1,0,4,14
1658178717,74858883,1,1,1,17,8,7
1658178740,66491384,1,1,1,6,22,4
1658178765,102748267,1,1,1,21,0,2
1658178630,28233012,1,1,1,27,0,2
1658178592,27415371,1,1,1,31,0,4
1658178759,49829553,1,1,1,21,4,5
1658178759,128884445,1,1,1,58,3,3
1658178647,37848502,1,1,1,20,1,3
1658178664,54000552,1,1,1,30,0,0
1658178645,102752610,1,1,1,8,3,17
1658178782,82335295,1,1,1,7,19,2
1658178734,66491382,1,1,1,20,11,5
1658178724,124176568,1,1,1,1,4,10
1658178590,39882420,1,1,1,2,10,10
1658178561,27415360,1,1,1,13,2,3
1658178487,82588494,1,1,1,23,3,1
1658178784,125542925,1,1,1,25,5,6
1658178754,54000547,1,1,1,26,6,1
1658178720,82425449,1,1,1,50,1,0
1658178749,7234,1,1,1,7,21,1
1658178649,85160045,1,1,1,25,1,0
1658178764,35816213,1,1,1,33,0,0
1658178750,82408364,1,1,1,15,15,7
1658178626,653190279,1,1,1,3,15,1
1658178763,82551956,1,1,1,22,8,2
1658178773,66491372,1,1,1,40,16,2
1658178764,82413301,1,1,1,11,16,9
1658178651,80077998,1,1,1,10,4,2
1658178717,13248144,1,1,1,32,1,1
1658178539,54000568,1,1,1,39,6,3
1658178605,39311270,1,1,1,28,1,4
1658178720,54000631,1,1,1,18,3,2
1658178734,99840124,1,1,1,43,2,0
1658178597,54000623,1,1,1,23,1,2
1658178580,653121023,1,1,1,16,6,1
1658178714,76507850,1,1,1,26,2,5
1658178721,101010226,1,1,1,60,3,0
1658178778,653194214,1,1,1,9,9,1
1658178514,11375742,1,1,1,20,2,2
1658178716,27415083,1,1,1,49,2,1
1658178761,27415333,1,1,1,50,3,3
1658178745,66491369,1,1,1,46,1,2
1658178634,27363397,1,1,1,17,1,1
1658178770,39878420,1,1,1,7,6,7
1658178778,27363504,1,1,1,11,4,13
1658178788,27414932,1,1,1,16,14,7
1658178705,14623073464,1,1,1,31,13,2
1658178623,82588656,1,1,1,40,8,3
1658178750,35471668,1,1,1,14,6,10
1658178744,27415500,1,1,1,0,16,7
1658178771,11580442,1,1,1,0,13,3
1658178783,99798962,1,1,1,14,19,0
1658178667,66507230,1,1,1,5,10,6
1658178718,125881065,1,1,1,27,4,1
1658178776,54000627,1,1,1,17,2,3
1658178536,121086415,1,1,1,24,0,0
1658178651,84961467,1,1,1,39,13,2
1658178524,54000629,1,1,1,25,8,3
1658178766,27415004,1,1,1,3,29,6
1658178782,27415128,1,1,1,15,3,1
1658178753,27414937,1,1,1,25,7,5
1658178735,42588096,1,1,1,24,1,3
1658178621,100227241,1,1,1,35,0,1
1658178767,2254322638,1,1,1,20,3,2
1658178373,15377776,1,1,1,33,2,0
1658178705,70736110,1,1,1,13,10,9
1627636430,16210188070,0,0,0,0,0,0
1627545043,16210512714,0,0,0,0,0,0
1658178735,11063317380,1,1,1,13,5,0
1658178734,121160813,1,1,1,23,1,4
1658178483,66491388,1,1,1,28,1,3
1650555662,16043228469,0,0,0,0,0,0
1650556299,16043282800,0,0,0,0,0,0
1658178742,15189890802,1,1,1,18,0,3
1658178432,16043242148,1,1,1,18,2,7
1658178757,16043316164,1,1,1,21,2,3
1658178651,54000628,1,1,1,42,12,2
1658178718,15187848239,1,1,1,12,18,0
1658178779,129095489,1,1,1,22,2,3
1658178755,1057383154,1,1,1,4,40,5
1658178613,218903767,1,1,1,52,6,3
1658178780,37647,1,1,1,23,2,0
1658178553,523900881,1,1,1,51,1,2
1658178588,54000555,1,1,1,31,0,1
1658003859,54000621,1,0,0,56,0,0
1658150600,214097180,1,1,1,10,11,3
1658156635,54000556,1,1,1,3,9,14
1658178711,2515618216,1,1,1,21,5,1
1658178784,1057387136,1,1,1,5,18,6
1658178641,11908488283,1,1,1,7,9,9
1658178527,85123644,1,1,1,5,13,8
1658178739,100863462,1,1,1,41,20,1
1658178655,253357936,1,1,1,18,33,5
1658178481,42517412,1,1,1,20,1,3
1658178505,54000551,1,1,1,13,0,3
1593435140,213699079,1,0,0,67,0,0
1658178405,10647548670,1,1,1,12,0,10
1658178680,15066765479,1,1,1,23,6,3
1658178653,10647608657,1,1,1,22,5,2
1658178466,213676294,1,1,1,13,6,2
1658178770,95073815,1,1,1,36,1,0
1558939179,16134135570,0,0,0,0,0,0
1657865483,16134083337,0,0,0,30,0,0
1658178614,11266280626,1,1,1,29,1,2
1658178706,49039283,1,1,1,6,5,6
1658178494,35642049,1,1,1,9,1,1
1658178776,11851012506,1,1,1,1,23,11
1627456205,16379269732,0,0,0,0,0,0
1658178750,27033125,1,1,1,11,0,4
1658178765,13341879803,1,1,1,2,14,8
1658178693,1074347188,1,1,1,5,10,5
1658178626,2515774908,1,1,1,10,2,10
1658178784,84986959,1,1,1,50,9,2
1658178361,11851103861,1,1,1,21,1,3
1658178440,12806084887,1,1,1,43,0,1
1658178781,123546861,1,1,1,22,0,3
1658178770,12943772652,1,1,1,22,5,2
1658178607,12948189248,1,1,1,6,16,8
1658178485,15826185972,1,1,1,10,5,1
1658178716,82423726,1,1,1,61,5,1
1658178477,252301607,1,1,1,21,1,0
1658178684,12959947458,1,1,1,15,1,7
1658178697,210581084,1,1,1,43,0,1
1658178561,101013666,1,1,1,30,3,1
1658178613,34742973,1,1,1,18,5,0
1658178785,11437761399,1,1,1,8,11,13
1658178709,11438116799,1,1,1,28,9,3
1658178784,11437961617,1,1,1,5,7,13
1658178390,11438049493,1,1,1,25,3,2
1658178634,11437651826,1,1,1,0,9,19
1658178721,11004720021,1,1,1,2,18,5
1653472786,11437706131,0,0,0,26,0,0
1658178759,102335085,1,1,1,0,21,7
1658178400,13373712848,1,1,1,23,0,1
1658178685,13373848216,1,1,1,5,3,17
1658178718,13373801574,1,1,1,6,3,16
1658178291,13373758036,1,1,1,18,0,8
1658178670,129026597,1,1,1,20,0,2
1658178725,1062807847,1,1,1,15,24,1
1658178720,478732841,1,1,1,14,2,0
1658178745,82402482,1,1,1,52,2,2
1658178726,129088667,1,1,1,29,4,4
1658178713,54000604,1,1,1,22,7,5
1658178777,43247738,1,1,1,21,4,10
1658178567,102311820,1,1,1,19,6,10
1658178600,394404659,1,1,1,37,4,3
1658178784,368766689,1,1,1,1,35,6
1658178774,516395829,1,1,1,5,6,4
1658178720,315022587,1,1,1,63,1,1
