"last_reported","station_id","is_installed","is_returning","is_renting","dock_available","mechanical_available","electric_available"
1658307975,213688169,1,1,1,35,0,0
1658307885,653222953,1,1,1,6,3,19
1658307993,516709288,1,1,1,12,2,6
1658307655,36255,1,1,1,21,0,0
1658307772,37815204,1,1,1,16,11,1
1658308002,100769544,1,1,1,30,10,4
1658308000,85002689,1,1,1,46,5,6
1658307957,123095125,1,1,1,44,10,4
1658307903,120827885,1,1,1,3,6,2
1658307974,251039991,1,1,1,19,2,3
1658307644,37874517,1,1,1,17,1,3
1658308042,66491398,1,1,1,25,18,3
1658307736,210403080,1,1,1,20,0,2
1658307597,210561800,1,1,1,14,1,2
1658307919,209063434,1,1,1,16,10,3
1658307821,94555589,1,1,1,11,10,5
1658307933,244498842,1,1,1,36,7,5
1658307558,210405211,1,1,1,18,0,2
1658307944,43195240,1,1,1,23,1,1
1658307996,501862076,1,1,1,22,0,0
1658307955,54000559,1,1,1,27,7,3
1658307943,207633746,1,1,1,25,5,19
1658307953,85043758,1,1,1,30,3,3
1658308025,210566542,1,1,1,39,13,8
1658307657,437597018,1,1,1,24,3,2
1658307978,210565680,1,1,1,25,6,3
1658307681,210397939,1,1,1,14,1,2
1658307776,82405965,1,1,1,19,15,7
1658308026,213682736,1,1,1,46,5,1
1658307761,80101533,1,1,1,28,6,0
1658308031,54000581,1,1,1,26,7,1
1658307957,13105968,1,1,1,6,3,12
1658307936,653208733,1,1,1,38,0,0
1658308030,27415224,1,1,1,6,15,12
1658308042,907054879,1,1,1,2,9,8
1658307891,129094535,1,1,1,33,4,2
1658308037,54000612,1,1,1,36,4,1
1658307662,128986726,1,1,1,10,7,15
1658307812,599135701,1,1,1,37,5,1
1658307872,102747146,1,1,1,15,5,3
1658307879,2515403527,1,1,1,25,3,2
1658307988,653132534,1,1,1,11,11,3
1658307868,506455295,1,1,1,12,2,1
1658307724,1057149522,1,1,1,6,15,1
1658307976,210567545,1,1,1,14,2,1
1658307933,2515085147,1,1,1,18,0,1
1658307964,653197324,1,1,1,12,3,9
1658307903,210408693,1,1,1,21,1,4
1658307822,42950839,1,1,1,18,0,0
1658307899,14813797734,1,1,1,7,10,9
1658307534,88230992,1,1,1,29,0,1
1658307871,499303158,1,1,1,0,16,12
1658307913,27415302,1,1,1,20,4,1
1658307959,27414512,1,1,1,34,1,4
1658307797,210580039,1,1,1,14,1,1
1658308024,49474389,1,1,1,2,11,10
1658308037,128940135,1,1,1,0,4,16
1658308043,35149611,1,1,1,9,4,1
1658308000,1057296253,1,1,1,5,50,7
1658307992,210570888,1,1,1,7,8,6
1658307666,129107656,1,1,1,22,1,0
1658308006,1057228658,1,1,1,11,3,8
1658308020,230873471,1,1,1,13,4,3
1658307844,507934805,1,1,1,20,4,1
1658307483,205047993,1,1,1,46,0,0
1658307990,39799329,1,1,1,22,7,4
1658307724,129164969,1,1,1,39,4,3
1658307979,128989986,1,1,1,13,6,9
1658307506,129004826,1,1,1,17,0,0
1658307547,518825709,1,1,1,16,3,2
1658308012,128930462,1,1,1,7,11,11
1658307808,911767210,1,1,1,19,1,2
1658307680,54000565,1,1,1,14,9,1
1658307968,210586093,1,1,1,20,0,2
1658307913,7254,1,1,1,17,3,3
1658308014,369644630,1,1,1,28,1,2
1658307955,214114469,1,1,1,4,19,9
1658307897,128887067,1,1,1,7,4,7
1658308013,55927887,1,1,1,18,16,1
1658307742,210574471,1,1,1,10,1,3
1658308017,72765603,1,1,1,18,2,0
1658307682,210582921,1,1,1,4,6,4
1658307894,43255030,1,1,1,41,3,4
1658308020,129025451,1,1,1,26,0,1
1658308046,128920403,1,1,1,16,5,5
1658307734,323616530,1,1,1,11,0,2
1658307721,208795867,1,1,1,17,0,0
1658307936,1062192012,1,1,1,3,1,28
1658308033,6296,1,1,1,7,4,5
1658307890,521393180,1,1,1,16,5,0
1658308051,576188379,1,1,1,10,7,6
1658308032,128915891,1,1,1,2,16,13
1658307857,82567101,1,1,1,11,5,6
1652812373,102290754,1,0,0,24,0,0
1658307607,457813746,1,1,1,15,0,0
1658308023,128882438,1,1,1,10,25,3
1658307668,50191171,1,1,1,20,1,0
1658307985,129014600,1,1,1,1,14,18
1658307802,3906153622,1,1,1,15,1,0
1658307953,129087587,1,1,1,37,1,0
1658308025,213693511,1,1,1,22,0,1
1658307794,82379648,1,1,1,17,4,12
1658308041,66491397,1,1,1,16,31,9
1658307463,907081682,1,1,1,0,0,0
1658307949,230877798,1,1,1,30,4,0
1658307971,2515995748,1,1,1,7,3,12
1658307896,27363162,1,1,1,16,0,4
1658307529,129021753,1,1,1,16,1,0
1658307704,210740080,1,1,1,45,2,0
1658307678,54000569,1,1,1,31,4,2
1658307985,80216231,1,1,1,36,3,0
1658307557,336511521,1,1,1,17,0,0
1658308011,129043651,1,1,1,2,12,7
1658307958,82562556,1,1,1,30,17,1
1658308028,129048000,1,1,1,39,3,4
1658307941,1062250686,1,1,1,26,4,6
1658307743,261987383,1,1,1,21,2,2
1658308010,813544903,1,1,1,20,8,1
1658307877,126050442,1,1,1,19,3,0
1658307947,27363489,1,1,1,23,0,3
1658308048,39296638,1,1,1,10,13,12
1658307984,205938683,1,1,1,41,7,5
1658308008,210399835,1,1,1,37,0,2
1658307962,1057324291,1,1,1,51,4,1
1658308005,102324803,1,1,1,36,3,0
1658307741,101763163,1,1,1,6,4,2
1658307912,653133605,1,1,1,2,32,8
1658307931,3906094706,1,1,1,8,8,15
1658307835,27414578,1,1,1,12,1,4
1658308029,508042092,1,1,1,1,30,3
1658307776,42603855,1,1,1,15,1,1
1658308035,818302209,1,1,1,9,19,19
1658307972,13718041,1,1,1,18,2,4
1658307746,265464297,1,1,1,46,3,1
1658307933,1057392676,1,1,1,4,19,11
1658307618,102309973,1,1,1,41,1,1
1658307996,532054446,1,1,1,46,7,3
1658308014,129034587,1,1,1,16,0,0
1658307691,314829539,1,1,1,33,3,12
1658307779,586539770,1,1,1,17,2,3
1658308041,3906335682,1,1,1,19,1,4
1658308008,583539396,1,1,1,13,8,3
1658308028,101753100,1,1,1,0,9,7
1658307901,27415466,1,1,1,17,2,1
1658308038,52393,1,1,1,39,7,4
1658307901,81081358,1,1,1,27,10,2
1658307998,66491385,1,1,1,15,5,3
1658307735,209057581,1,1,1,16,1,1
1658308041,66491389,1,1,1,30,17,8
1658307464,210749865,1,1,1,15,0,1
1658308038,535500589,1,1,1,22,25,17
1658307798,597245295,1,1,1,13,14,8
1658307932,213684314,1,1,1,17,6,1
1658307625,235513935,1,1,1,27,0,0
1658308024,27206194,1,1,1,14,3,1
1658307735,102323152,1,1,1,16,1,1
1658307870,129060764,1,1,1,21,5,0
1658307936,828134511,1,1,1,22,6,3
1658308018,586649404,1,1,1,3,8,13
1658307576,596813170,1,1,1,9,0,6
1658307995,596872103,1,1,1,26,0,4
1658308006,271426439,1,1,1,14,1,3
1658307995,27363187,1,1,1,40,3,0
1658307843,76199461,1,1,1,28,1,1
1658307989,230952057,1,1,1,0,21,10
1658308034,37815993,1,1,1,1,26,7
1658308036,88140066,1,1,1,54,7,4
1658307663,213683101,1,1,1,11,5,3
1658307971,213684750,1,1,1,21,11,3
1658307825,129067920,1,1,1,37,0,2
1658307891,2515049357,1,1,1,19,3,2
1658307878,27364743,1,1,1,20,0,0
1658307938,102314792,1,1,1,27,2,3
1658308040,35447568,1,1,1,16,1,5
1658307934,129038848,1,1,1,6,9,1
1658307988,27415736,1,1,1,20,4,4
1658308051,583178525,1,1,1,17,0,3
1658307992,2514995690,1,1,1,19,5,6
1658307711,82387816,1,1,1,15,7,10
1658308000,213685090,1,1,1,27,2,0
1658307808,301841024,1,1,1,23,5,1
1658307958,66491402,1,1,1,26,5,2
1658307951,213679512,1,1,1,17,5,3
1658307892,588452142,1,1,1,8,6,8
1658307829,85147829,1,1,1,15,5,6
1658308034,213681356,1,1,1,16,1,5
1658307838,2515351285,1,1,1,15,7,3
1658307621,213685514,1,1,1,14,9,1
1658307511,102329800,1,1,1,26,0,0
1658307790,54000625,1,1,1,22,6,4
1658308036,572566600,1,1,1,20,1,8
1658307986,213911772,1,1,1,49,3,4
1658307917,129132870,1,1,1,10,13,0
1658307966,620403530,1,1,1,3,13,4
1658307911,66491378,1,1,1,22,26,1
1658308050,631773910,1,1,1,10,12,3
1658307995,1765749389,1,1,1,5,6,2
1658307624,611152693,1,1,1,21,2,5
1658308050,235241110,1,1,1,14,41,5
1658307971,613737748,1,1,1,8,22,1
1658307661,41498023,1,1,1,18,4,0
1658307882,1062671597,1,1,1,15,3,6
1658307635,213945171,1,1,1,17,0,5
1658172380,463297497,1,1,1,20,0,0
1658307945,213875650,1,1,1,2,12,10
1658307982,245187072,1,1,1,4,2,12
1658308015,129144878,1,1,1,6,8,14
1658308028,27415665,1,1,1,33,4,3
1658308016,593238093,1,1,1,4,14,6
1658307899,102331767,1,1,1,23,9,2
1658307996,37791,1,1,1,22,9,3
1658307887,50156117,1,1,1,21,0,2
1658307966,15462236,1,1,1,20,5,7
1658307934,129093478,1,1,1,20,2,4
1658307667,35908,1,1,1,16,0,2
1658307683,210744286,1,1,1,41,0,4
1658308020,101024234,1,1,1,3,45,8
1658307851,213992316,1,1,1,48,0,1
1658307987,213694482,1,1,1,16,4,0
1658307894,129011497,1,1,1,18,2,2
1658307939,101743895,1,1,1,35,26,2
1658307884,213691848,1,1,1,42,0,0
1658307852,210396518,1,1,1,9,5,2
1658308023,97677210,1,1,1,39,5,2
1658308024,39254792,1,1,1,19,21,7
1658307780,213683992,1,1,1,29,18,2
1658307983,54000601,1,1,1,16,2,0
1658307829,27362896,1,1,1,2,15,8
1658308047,213687140,1,1,1,20,7,6
1658308029,235599121,1,1,1,24,1,0
1658308025,213680917,1,1,1,25,0,0
1658307882,1057774603,1,1,1,30,0,2
1658307942,213688462,1,1,1,27,6,5
1658308039,102749572,1,1,1,17,11,20
1658308032,549876068,1,1,1,32,5,9
1658308046,390212609,1,1,1,4,22,4
1658308024,63498079,1,1,1,22,1,2
1658307877,102338493,1,1,1,17,5,7
1658307996,875078767,1,1,1,20,0,0
1658307941,210573120,1,1,1,24,1,7
1658307847,1558958733,1,1,1,9,8,9
1658307829,2515802454,1,1,1,17,5,3
1658307976,648227675,1,1,1,37,1,2
1658307999,42566291,1,1,1,2,17,12
1658307732,1062206433,1,1,1,18,0,1
1658307904,129032910,1,1,1,40,8,4
1658307983,647826568,1,1,1,5,19,5
1658307735,54000577,1,1,1,25,1,1
1658308045,54001024,1,1,1,39,7,4
1658307976,94250567,1,1,1,15,26,10
1658308048,129078200,1,1,1,17,7,4
1658307885,649888071,1,1,1,0,10,8
1658308008,82563707,1,1,1,25,3,4
1658307828,129143598,1,1,1,6,13,9
1658307612,213690847,1,1,1,33,2,2
1658308020,102333275,1,1,1,9,24,1
1658307732,640629438,1,1,1,2,12,7
1658307491,82328045,1,1,1,12,4,3
1658308015,27363362,1,1,1,18,0,0
1658308009,237624030,1,1,1,14,12,10
1658308046,213957917,1,1,1,6,8,10
1658308033,54000626,1,1,1,5,11,5
1658307942,6399,1,1,1,31,1,1
1658307963,210746090,1,1,1,36,8,5
1658307930,27414841,1,1,1,27,1,1
1658307968,82253759,1,1,1,6,16,5
1658307857,82457375,1,1,1,21,6,2
1658307930,54000609,1,1,1,33,1,0
1515739220,27415512,1,0,0,35,0,0
1658307882,49859500,1,1,1,9,6,2
1658307693,214139374,1,1,1,18,7,4
1658307995,213702608,1,1,1,18,1,0
1658307901,559507144,1,1,1,18,3,4
1658307543,213700358,1,1,1,20,0,0
1658307929,653063170,1,1,1,30,8,0
1658308050,3906215030,1,1,1,34,2,2
1658307512,129151834,1,1,1,39,0,2
1658307794,237041013,1,1,1,16,0,3
1658308015,54000553,1,1,1,11,11,13
1658307999,653200142,1,1,1,30,4,2
1658307793,650091839,1,1,1,10,12,3
1658307905,362869414,1,1,1,17,4,4
1658308027,55664548,1,1,1,0,23,8
1658308024,100859941,1,1,1,29,10,11
1658308007,49368561,1,1,1,38,14,1
1658307998,42743053,1,1,1,27,7,1
1658307919,213699913,1,1,1,20,0,3
1658307866,101740379,1,1,1,43,0,0
1658307976,4329844165,1,1,1,25,3,4
1658307891,213694069,1,1,1,24,1,1
1655990886,214134714,1,0,0,26,0,0
1658307570,468843711,1,1,1,20,2,1
1658308028,378626842,1,1,1,28,17,4
1658307932,27414945,1,1,1,8,6,1
1658307797,210090269,1,1,1,45,15,1
1658307914,376664868,1,1,1,22,3,2
1658307583,2515927759,1,1,1,7,8,10
1658307962,205955605,1,1,1,11,12,13
1658307940,933214552,1,1,1,0,21,3
1658307990,66491370,1,1,1,20,4,3
1658307933,353462947,1,1,1,13,11,4
1658308004,1559700274,1,1,1,18,0,1
1658307708,39217683,1,1,1,5,9,6
1658307901,213688824,1,1,1,21,11,1
1658308036,82337423,1,1,1,37,2,8
1658307780,66491404,1,1,1,19,1,0
1658307878,652120758,1,1,1,55,0,2
1658307877,66491393,1,1,1,28,19,0
1658308032,1062223873,1,1,1,8,10,4
1658307500,49085250,1,1,1,16,1,0
1658307986,376526598,1,1,1,46,0,0
1658308030,27071684,1,1,1,24,5,3
1658307941,2515907297,1,1,1,1,8,8
1658307621,66491401,1,1,1,42,12,2
1658307918,341388492,1,1,1,34,4,6
1658308047,985828965,1,1,1,6,33,1
1658307937,338762459,1,1,1,8,12,6
1658307932,323486248,1,1,1,2,9,4
1658307941,66491392,1,1,1,42,1,0
1658307988,478952881,1,1,1,21,1,2
1658307757,501318622,1,1,1,20,1,3
1658307785,38263504,1,1,1,5,13,5
1658308022,470807791,1,1,1,22,4,4
1658307913,82445192,1,1,1,33,3,1
1658307905,2515658032,1,1,1,17,0,2
1658308008,568135465,1,1,1,1,15,22
1657840010,570185777,1,0,0,0,0,0
1658307710,214102967,1,1,1,42,1,0
1658307800,54000597,1,1,1,15,3,3
1658307761,82417874,1,1,1,34,15,2
1658308029,102319838,1,1,1,14,2,0
1658307979,652192395,1,1,1,28,35,2
1658307907,571923059,1,1,1,41,1,4
1658308023,66491405,1,1,1,22,3,1
1658307843,54000635,1,1,1,19,7,5
1658307914,54000544,1,1,1,0,36,1
1658307806,1062179194,1,1,1,22,2,1
1658307804,1063017616,1,1,1,8,7,6
1658308038,378648513,1,1,1,27,3,5
1658307762,27278603,1,1,1,19,3,2
1658308049,13497763,1,1,1,12,10,1
1658308006,653042442,1,1,1,7,10,22
1658307951,49807107,1,1,1,15,1,1
1658307949,82450803,1,1,1,37,19,1
1658308045,210747224,1,1,1,24,12,13
1658307923,210568512,1,1,1,26,18,19
1658307991,213691542,1,1,1,29,8,15
1658308049,357409723,1,1,1,16,11,3
1658308032,2515855808,1,1,1,1,13,20
1658307876,384370499,1,1,1,20,4,1
1658307948,49403716,1,1,1,3,11,13
1658308050,54000571,1,1,1,41,10,2
1658307987,473204291,1,1,1,5,11,15
1658307997,27363103,1,1,1,27,3,1
1658307764,85145704,1,1,1,20,5,1
1658307694,653044270,1,1,1,6,11,0
1658307719,26958435,1,1,1,25,0,0
1658308035,6385,1,1,1,12,4,4
1658307989,213857398,1,1,1,9,2,3
1658307952,82550925,1,1,1,8,19,10
1658308022,27363096,1,1,1,27,4,1
1658308029,85165045,1,1,1,3,13,8
1658307764,129119449,1,1,1,18,0,0
1658308006,475524450,1,1,1,13,5,6
1658307908,653048150,1,1,1,4,23,11
1658307531,244400797,1,1,1,15,4,3
1658307584,213922790,1,1,1,36,5,8
1658307916,129001431,1,1,1,26,4,1
1658307983,210753033,1,1,1,3,7,3
1658307981,653203262,1,1,1,4,12,4
1658308019,406806401,1,1,1,14,10,3
1658307677,85143075,1,1,1,26,0,4
1658307958,1063035479,1,1,1,4,8,11
1658307764,54000595,1,1,1,34,0,2
1658307934,82571110,1,1,1,11,7,8
1658307853,54000582,1,1,1,21,4,1
1658307455,217235307,1,1,1,25,0,0
1658308019,210748575,1,1,1,42,8,1
1658307812,82421994,1,1,1,25,4,4
1658307610,214123470,1,1,1,7,12,5
1658235493,129086648,1,1,1,29,7,6
1658308043,217572769,1,1,1,10,5,13
1658307722,214298601,1,1,1,22,0,1
1658307911,129125489,1,1,1,21,0,0
1658307991,214122655,1,1,1,15,6,10
1658307848,15461933,1,1,1,1,9,6
1658307744,82458977,1,1,1,22,1,0
1658307595,129077035,1,1,1,39,9,3
1658307480,221047138,1,1,1,16,1,0
1658308024,15308782,1,1,1,2,26,6
1658307847,216473073,1,1,1,17,0,1
1658307918,37521,1,1,1,6,5,5
1642540077,35196898,1,0,0,27,0,0
1658307843,653046029,1,1,1,20,9,5
1658307875,2515976231,1,1,1,10,5,4
1658308043,129103849,1,1,1,15,2,3
1658307760,1057009034,1,1,1,26,0,1
1658308026,82334007,1,1,1,14,30,2
1658308012,214146056,1,1,1,11,9,6
1658307983,85008390,1,1,1,60,8,3
1658307903,216039437,1,1,1,2,7,14
1658307735,215495494,1,1,1,45,0,1
1658307936,43155320,1,1,1,29,12,6
1658308025,129130397,1,1,1,5,15,0
1658307949,653129412,1,1,1,23,2,3
1658307884,54000634,1,1,1,18,4,3
1658307972,419381597,1,1,1,22,18,10
1658307977,54000548,1,1,1,3,21,5
1658308031,54000466,1,1,1,6,13,10
1658307875,426772876,1,1,1,10,17,3
1658307900,74620630,1,1,1,25,1,0
1658307652,129091653,1,1,1,30,0,3
1658307894,100905057,1,1,1,10,3,9
1658307840,129134084,1,1,1,23,1,0
1658308032,210754072,1,1,1,14,18,1
1658308045,419991048,1,1,1,21,16,13
1658308042,2820744873,1,1,1,17,6,5
1658307918,213676825,1,1,1,11,22,17
1658308044,15299574,1,1,1,40,6,2
1658308014,41566122,1,1,1,32,16,5
1658307772,963786819,1,1,1,23,6,1
1658307748,427678168,1,1,1,38,2,4
1658307983,976762284,1,1,1,13,1,14
1658307647,213686196,1,1,1,13,3,1
1658307987,11004671601,1,1,1,20,0,5
1658307820,27414601,1,1,1,34,5,3
1658308015,129036192,1,1,1,11,0,2
1658307997,82421013,1,1,1,11,19,3
1658308044,434419150,1,1,1,0,20,16
1658307848,252339799,1,1,1,11,1,16
1658307785,224589573,1,1,1,16,1,0
1658308004,220502135,1,1,1,4,23,8
1658307620,129114993,1,1,1,32,0,0
1658307997,129124069,1,1,1,18,2,1
1658307880,221094844,1,1,1,18,2,3
1658308016,220726050,1,1,1,49,2,3
1658307820,254224239,1,1,1,58,3,0
1658307890,1805401614,1,1,1,10,15,1
1658307838,129116697,1,1,1,12,4,2
1658307805,977409509,1,1,1,32,1,5
1658307502,653055049,1,1,1,26,0,7
1658307917,221041655,1,1,1,43,9,3
1658307894,1057769632,1,1,1,10,4,12
1658307878,1333959209,1,1,1,10,5,4
1658307667,213690256,1,1,1,39,4,2
1658307753,476183970,1,1,1,36,0,3
1658307999,632007124,1,1,1,30,3,3
1658308017,977206088,1,1,1,7,14,8
1658307748,213868408,1,1,1,4,22,4
1658307582,129061615,1,1,1,19,6,5
1658307851,43165673,1,1,1,22,9,2
1658307963,82381710,1,1,1,13,0,1
1658308014,224598098,1,1,1,16,28,5
1658307972,10968855,1,1,1,13,2,1
1658307786,82508970,1,1,1,5,12,7
1658307604,653055097,1,1,1,22,0,0
1658308003,221038698,1,1,1,17,5,4
1658308011,27246227,1,1,1,17,5,1
1658307894,63297,1,1,1,7,10,3
1658307817,95927849,1,1,1,23,0,1
1658307882,102341385,1,1,1,17,2,2
1658307577,54000605,1,1,1,36,2,2
1658307903,979059925,1,1,1,28,0,1
1658307880,6512,1,1,1,14,0,1
1658307974,27363323,1,1,1,17,9,6
1658308021,85118872,1,1,1,33,1,3
1658307741,102289046,1,1,1,17,2,2
1658307933,124402232,1,1,1,32,7,1
1658307902,985086307,1,1,1,9,9,5
1658308044,27415327,1,1,1,19,4,2
1658307842,100798076,1,1,1,13,6,0
1658307782,15298647,1,1,1,34,2,0
1658307736,1063404053,1,1,1,13,0,7
1613034881,76199110,1,0,0,0,0,0
1658307738,54000598,1,1,1,23,1,1
1658307931,2515829865,1,1,1,5,11,5
1658307809,989753852,1,1,1,17,2,1
1658307935,990000217,1,1,1,1,10,4
1658308000,121025345,1,1,1,9,0,4
1658307966,213692714,1,1,1,21,0,2
1658308023,82577019,1,1,1,17,8,4
1658307984,39256416,1,1,1,40,2,3
1658308047,255207155,1,1,1,17,1,0
1658308036,63769334,1,1,1,35,1,2
1658307673,129136818,1,1,1,22,0,1
1658307931,37936869,1,0,0,35,0,0
1658307971,27415469,1,1,1,17,5,0
1658307985,39599631,1,1,1,10,10,2
1658307930,84979504,1,1,1,4,17,4
1658307948,85120104,1,1,1,9,2,4
1658252503,653059015,1,1,1,14,9,6
1658308042,101748685,1,1,1,14,25,3
1658307547,54000608,1,1,1,46,2,3
1658307819,653080986,1,1,1,5,2,0
1658307618,102743096,1,1,1,25,0,1
1658308046,66491394,1,1,1,24,13,3
1658307815,126175087,1,1,1,21,0,1
1658307955,101746493,1,1,1,42,8,3
1658307817,27363137,1,1,1,14,3,5
1658307997,339797666,1,1,1,22,0,2
1658307994,1968156458,1,1,1,1,28,4
1658307915,82404497,1,1,1,32,1,3
1658308028,991351798,1,1,1,3,16,4
1658307520,7304,1,1,1,1,13,0
1658307880,54000592,1,1,1,19,15,2
1658307969,54000572,1,1,1,13,4,3
1658307999,15409531,1,1,1,9,2,4
1658307769,29327,1,1,1,2,4,15
1658308024,36298,1,1,1,13,0,1
1658308020,37903195,1,1,1,9,13,5
1658307698,102313219,1,1,1,33,0,1
1658308044,100906707,1,1,1,31,6,2
1658307945,624177860,1,1,1,41,3,5
1658307890,66491407,1,1,1,20,1,1
1658307799,27369223,1,1,1,9,3,4
1658307747,102336814,1,1,1,0,11,7
1658307846,484423835,1,1,1,17,7,2
1658307903,54000618,1,1,1,7,8,3
1658307880,653059879,1,1,1,26,7,6
1658307757,210583589,1,1,1,21,5,3
1658307854,653050378,1,1,1,12,12,10
1658307755,15291968,1,1,1,13,1,0
1658307950,126354477,1,1,1,15,2,1
1658308048,15387809,1,1,1,39,17,6
1658307945,1002059045,1,1,1,12,7,8
1658307966,1002738770,1,1,1,13,9,4
1658307524,100918666,1,1,1,15,2,3
1658307770,213987795,1,1,1,23,8,7
1658307995,15397468,1,1,1,26,18,3
1658307747,129101773,1,1,1,39,0,3
1658307619,84966359,1,1,1,22,2,1
1658307798,42908639,1,1,1,28,0,0
1658307518,125469898,1,1,1,31,1,1
1658307999,35137730,1,1,1,19,17,14
1658307925,52329,1,1,1,29,5,2
1658307987,42499285,1,1,1,35,7,1
1658307917,85162552,1,1,1,36,2,5
1655504532,88235134,1,0,0,1,0,1
1658307791,2515738489,1,1,1,5,7,6
1658308028,256561528,1,1,1,6,33,3
1658307735,452920451,1,1,1,22,0,1
1658307942,37920,1,1,1,3,28,3
1658308051,54000588,1,1,1,61,2,3
1658307983,1020700136,1,1,1,18,1,0
1658307787,100855693,1,1,1,23,2,1
1658308026,54000549,1,1,1,3,9,4
1658307728,54000586,1,1,1,23,7,1
1658307879,102304517,1,1,1,43,1,1
1658308023,128889359,1,1,1,30,8,0
1658307682,54000546,1,1,1,28,2,2
1658307942,129042700,1,1,1,39,17,3
1658307999,101761298,1,1,1,4,21,20
1658307904,912377361,1,1,1,29,12,1
1658307897,256124192,1,1,1,38,0,2
1658307850,27364581,1,1,1,16,0,5
1658307710,653127524,1,1,1,21,9,0
1658307650,2515686699,1,1,1,24,0,1
1658307876,210737808,1,1,1,22,0,2
1658307710,259977414,1,1,1,15,4,2
1658307521,82568336,1,1,1,24,1,0
1658308050,1021176825,1,1,1,13,3,6
1658307645,54000611,1,1,1,22,1,1
1658307993,66491408,1,1,1,29,0,1
1658307897,100872260,1,1,1,31,6,2
1658307683,36151,1,1,1,1,8,7
1658307849,213848056,1,1,1,5,45,3
1658307806,452936197,1,1,1,51,7,1
1658307983,54000545,1,1,1,45,18,0
1658307730,66505511,1,1,1,0,22,6
1658307832,224256188,1,1,1,20,2,6
1658308012,66491386,1,1,1,33,18,5
1658307740,1023083417,1,1,1,14,2,3
1658307982,54000539,1,1,1,28,5,2
1658307737,1025995767,1,1,1,2,11,7
1658307899,101490103,1,1,1,16,5,2
1658308028,82432573,1,1,1,32,10,7
1658307960,1021553839,1,1,1,32,1,1
1658307947,54000541,1,1,1,17,9,2
1658307561,653065577,1,1,1,27,1,1
1658307880,1034242363,1,1,1,33,0,0
1658308041,335780498,1,1,1,13,7,11
1658307932,256403519,1,1,1,19,1,0
1658307950,484387018,1,1,1,27,0,1
1658307977,544249939,1,1,1,42,3,4
1658307451,1035816937,1,1,1,20,6,1
1658307684,66507229,1,1,1,24,1,0
1658308025,27415012,1,1,1,36,22,7
1658308033,263610599,1,1,1,36,2,6
1658307585,49772483,1,1,1,18,0,0
1658307881,653066427,1,1,1,15,9,2
1658307882,129089749,1,1,1,29,0,2
1658307979,100770878,1,1,1,12,9,2
1658307964,27415297,1,1,1,34,4,6
1658307866,54000607,1,1,1,14,5,0
1658307919,13283986,1,1,1,27,3,4
1658308035,100910836,1,1,1,32,8,4
1658307889,6515,1,1,1,10,10,8
1658307889,41523981,1,1,1,21,10,1
1658308048,1034247348,1,1,1,29,1,3
1658307930,39536951,1,1,1,27,3,3
1658307651,35089539,1,1,1,21,0,1
1658307758,27415169,1,1,1,7,13,2
1658307663,15412563,1,1,1,12,5,5
1658308046,30179848,1,1,1,17,4,3
1658308011,27363029,1,1,1,21,8,3
1658308010,484889494,1,1,1,20,4,1
1658308046,27363256,1,1,1,9,7,7
1658307891,100902274,1,1,1,6,19,12
1658307997,15414455,1,1,1,27,1,6
1658307897,27415285,1,1,1,15,5,5
1658308031,78348185,1,1,1,37,8,5
1658308013,36003,1,1,1,16,2,4
1658307727,27415215,1,1,1,22,0,3
1658307975,263732151,1,1,1,23,7,3
1658308040,1036199130,1,1,1,3,9,8
1658307514,129161858,1,1,1,25,2,1
1658307953,653035822,1,1,1,12,7,9
1658308049,27414460,1,1,1,2,15,19
1658307951,76488849,1,1,1,11,17,8
1658307962,66505513,1,1,1,20,5,6
1658308007,129050965,1,1,1,2,9,3
1658308047,66491368,1,1,1,36,8,4
1658307841,82419429,1,1,1,28,9,3
1658308046,349750111,1,1,1,19,4,5
1658307694,52453,1,1,1,24,0,0
1658307869,210389577,1,1,1,3,8,6
1658307988,15401095,1,1,1,22,22,1
1658307692,1055553396,1,1,1,10,2,2
1658307884,210394523,1,1,1,9,16,4
1658307872,1036226943,1,1,1,25,0,8
1658308025,1056959071,1,1,1,12,21,5
1658307908,60667075,1,1,1,11,4,7
1658308024,66491371,1,1,1,24,6,1
1658307781,486833337,1,1,1,21,6,6
1658307760,1055541632,1,1,1,11,19,9
1658307832,75313725,1,1,1,21,9,2
1658307993,606669250,1,1,1,22,5,9
1658308013,653069115,1,1,1,32,0,1
1658307935,15383032,1,1,1,9,18,12
1658307994,54000561,1,1,1,26,2,2
1658307781,54001190,1,1,1,25,1,0
1658308036,460558111,1,1,1,12,5,3
1658307644,82569809,1,1,1,20,2,0
1658307962,11851037297,1,1,1,28,1,4
1658307987,266052390,1,1,1,26,0,2
1658307759,37952191,1,1,1,26,3,2
1658307606,34300292,1,1,1,7,13,3
1658307914,82554786,1,1,1,28,0,2
1658307458,268976295,1,1,1,32,0,0
1658307800,27415444,1,1,1,24,0,6
1658307948,84983562,1,1,1,41,2,5
1658307956,129081441,1,1,1,11,9,0
1658307929,653073004,1,1,1,7,28,12
1658308023,1056986761,1,1,1,19,26,9
1658307887,41610121,1,1,1,1,23,3
1658307807,82566934,1,1,1,48,4,0
1658308036,128936618,1,1,1,4,19,11
1658307864,35106544,1,1,1,49,3,1
1658307903,267976590,1,1,1,32,27,6
1658307471,1056965116,1,1,1,47,1,2
1658307608,54000630,1,1,1,17,6,1
1658307025,54000567,1,1,1,26,4,4
1658308021,1599921040,1,1,1,25,3,2
1658308008,129096696,1,1,1,7,3,3
1658307866,82590367,1,1,1,28,20,8
1658307963,82573931,1,1,1,30,4,3
1658307896,82436057,1,1,1,15,6,1
1658307705,43219958,1,1,1,34,3,1
1658308023,269953055,1,1,1,11,10,7
1658307989,82448637,1,1,1,13,29,2
1658308043,271540743,1,1,1,2,19,3
1658308018,452347778,1,1,1,2,16,2
1658307701,13372702,1,1,1,32,0,1
1658307952,1599931563,1,1,1,26,1,2
1658307893,15411223,1,1,1,22,1,1
1658307873,85152599,1,1,1,13,21,11
1658308047,284711589,1,1,1,11,6,1
1658307790,30550,1,1,1,13,6,5
1658308006,478593396,1,1,1,15,0,1
1658307933,213675430,1,1,1,12,34,3
1658308025,462875227,1,1,1,17,4,3
1658307958,213693126,1,1,1,22,0,0
1658308007,363735875,1,1,1,2,9,5
1658307732,265266148,1,1,1,14,5,3
1658307771,357491025,1,1,1,21,1,0
1658308024,457713145,1,1,1,28,6,8
1658307809,392576677,1,1,1,7,6,10
1658307951,66491406,1,1,1,21,22,4
1658307589,338853596,1,1,1,4,9,13
1658308018,1056995858,1,1,1,27,0,2
1658307859,27414924,1,1,1,20,0,1
1658308045,390075668,1,1,1,32,4,3
1658308022,54000550,1,1,1,5,22,4
1658308027,1056972307,1,1,1,41,4,3
1658307510,653217067,1,1,1,12,1,5
1658307839,1109534105,1,1,1,9,0,11
1658307999,124390478,1,1,1,14,3,0
1658307944,365181481,1,1,1,46,5,1
1658307515,653076373,1,1,1,29,3,2
1653895841,11851327865,0,0,0,30,0,0
1658307989,52456,1,1,1,28,0,0
1658307932,15310509,1,1,1,15,1,0
1658308046,275968458,1,1,1,49,3,6
1658307946,213995665,1,1,1,21,5,2
1658308023,1056979685,1,1,1,20,3,2
1658307707,128928526,1,1,1,12,0,2
1658308041,27415123,1,1,1,12,10,3
1658308042,287096529,1,1,1,5,11,26
1658308049,97705710,1,1,1,31,3,4
1658307751,13242682,1,1,1,26,3,1
1658308022,278576043,1,1,1,13,0,4
1658307569,213695073,1,1,1,31,1,1
1658307758,284708999,1,1,1,22,12,3
1658307821,653079520,1,1,1,4,6,8
1658136341,653076393,1,1,1,8,13,13
1658307778,129069108,1,1,1,37,2,0
1597371137,213936755,1,0,0,49,0,0
1658307942,30641281,1,1,1,16,3,2
1658307947,54000593,1,1,1,12,11,14
1658307616,27362949,1,1,1,30,1,0
1658307752,1057003116,1,1,1,16,11,2
1658307824,285726279,1,1,1,22,2,0
1652035916,41587607,1,0,0,30,0,0
1658307503,285454061,1,1,1,15,0,0
1658308042,213686471,1,1,1,9,8,7
1658307966,7261,1,1,1,7,7,6
1658308035,291354793,1,1,1,4,30,16
1658308005,213685863,1,1,1,35,10,6
1658308019,653062048,1,1,1,20,0,4
1658307991,1062812659,1,1,1,42,15,1
1658308048,653079135,1,1,1,0,4,9
1658307935,38319086,1,1,1,29,3,3
1658307993,653129435,1,1,1,13,0,3
1658308024,221032834,1,1,1,31,6,11
1658308046,124622630,1,1,1,27,9,0
1658308019,594942659,1,1,1,17,0,1
1658307987,96512532,1,1,1,4,7,7
1658308014,362178041,1,1,1,7,6,15
1658307985,100783424,1,1,1,9,55,4
1658307993,27415524,1,1,1,7,11,5
1658307962,422639331,1,1,1,21,3,5
1658307954,1057061349,1,1,1,26,4,0
1658307677,292871105,1,1,1,20,0,1
1658285409,38280,1,1,1,16,1,0
1658307684,653125838,1,1,1,8,12,6
1658308001,476053320,1,1,1,23,1,1
1658307842,129121741,1,1,1,44,1,4
1658308020,404947652,1,1,1,10,18,5
1658308011,129142199,1,1,1,29,0,1
1658308012,210584503,1,1,1,9,2,1
1658307877,42541542,1,1,1,28,2,3
1658307707,27363558,1,1,1,13,12,1
1658307754,214109662,1,1,1,16,0,4
1658307985,653122771,1,1,1,6,16,1
1658308015,35147530,1,1,1,13,6,3
1658307887,1057081237,1,1,1,21,0,1
1658307983,101756482,1,1,1,27,18,3
1658307935,1057179405,1,1,1,26,1,1
1658308033,653135400,1,1,1,1,19,6
1658307840,213689228,1,1,1,35,2,5
1658307984,409364001,1,1,1,7,5,6
1658307983,129079313,1,1,1,31,9,4
1658308045,129135654,1,1,1,25,4,1
1658308048,653080383,1,1,1,0,39,8
1658307550,1057039016,1,1,1,16,2,2
1658307941,1057045129,1,1,1,29,10,1
1658308019,1190800638,1,1,1,7,11,4
1658308016,302725495,1,1,1,50,1,0
1658308030,303102719,1,1,1,9,1,1
1658307829,27363277,1,1,1,31,1,5
1658307516,6295,1,1,1,16,2,2
1658307526,303452950,1,1,1,26,1,6
1658307868,54000617,1,1,1,12,5,2
1526880629,213691137,1,0,0,30,0,0
1658307979,653131074,1,1,1,19,3,3
1658307853,308082350,1,1,1,0,14,3
1658307763,653126035,1,1,1,2,6,10
1658308006,36473,1,0,0,12,1,0
1658307939,210745258,1,1,1,39,2,6
1658307967,37921892,1,1,1,17,3,3
1658307720,457834134,1,1,1,25,0,2
1658308042,653123610,1,1,1,31,2,0
1658307751,35101194,1,1,1,6,14,10
1658308037,54000615,1,1,1,19,5,5
1658307709,135806005,1,1,1,14,0,2
1658307975,66491395,1,1,1,28,7,1
1658307947,653135378,1,1,1,25,8,3
1658307664,54000562,1,1,1,24,2,4
1658307750,402212574,1,1,1,16,5,7
1658307631,1057184567,1,1,1,33,0,0
1658308045,1057319366,1,1,1,14,11,2
1658308034,34235349,1,1,1,8,12,7
1658308041,210751059,1,1,1,9,5,1
1658307925,1057203651,1,1,1,6,14,19
1658308001,453172172,1,1,1,3,8,2
1658307623,478385490,1,1,1,27,0,1
1658308008,102326776,1,1,1,18,0,5
1658307718,213706622,1,1,1,17,1,3
1658308006,213686749,1,1,1,32,0,4
1658307722,1057302263,1,1,1,3,10,5
1658307930,82572699,1,1,1,24,0,3
1658307979,311552027,1,1,1,40,4,1
1658307643,27269170,1,1,1,12,5,4
1658303435,82550543,1,1,1,14,30,2
1658307829,82375611,1,1,1,42,0,2
1658307956,443402852,1,1,1,46,1,1
1658307974,1062162270,1,1,1,2,8,9
1658307950,38192,1,1,1,23,7,3
1658307864,84958519,1,1,1,17,7,6
1658308011,559980654,1,1,1,2,12,10
1658308003,213952930,1,0,0,30,0,0
1658307848,458086607,1,1,1,7,6,14
1658307750,7247,1,1,1,12,7,3
1658307997,653081846,1,1,1,15,8,7
1658307814,213689815,1,1,1,27,7,1
1658308032,443198808,1,1,1,20,10,5
1658307728,620676855,1,1,1,3,15,3
1658307931,98187918,1,1,1,29,18,10
1658307703,13191324,1,1,1,31,0,2
1658308044,210738704,1,1,1,4,10,11
1658307945,102745622,1,1,1,2,22,4
1658307880,213999554,1,1,1,10,5,5
1658308036,213677219,1,1,1,9,10,1
1658307627,6294,1,1,1,15,4,3
1658307549,85155919,1,1,1,21,3,6
1658307628,1062238429,1,1,1,10,6,1
1658308012,369011098,1,1,1,8,11,2
1658307880,102343591,1,1,1,6,7,17
1658307966,27415150,1,1,1,16,2,2
1658307755,82565383,1,1,1,41,3,1
1658307975,653134004,1,1,1,16,7,3
1658308028,27415246,1,1,1,20,20,3
1658307874,389788858,1,1,1,46,24,3
1658308042,1056947780,1,1,1,29,0,1
1658307756,38327,1,1,1,33,3,3
1658308037,100925033,1,1,1,39,5,1
1658307873,109609241,1,1,1,12,16,4
1658307990,101491821,1,1,1,28,8,2
1658307805,82562496,1,1,1,12,1,7
1658308051,235197110,1,1,1,2,40,3
1658307755,417088374,1,1,1,7,24,6
1658307971,129145892,1,1,1,32,3,9
1658307916,439750210,1,1,1,3,11,12
1658308026,82584215,1,1,1,2,41,16
1658307728,42720305,1,1,1,36,1,1
1658307959,653205656,1,1,1,19,2,5
1658307968,653147618,1,1,1,25,0,1
1658307992,335989765,1,1,1,38,7,2
1658307981,417623119,1,1,1,18,1,1
1658307975,54000632,1,1,1,9,17,8
1658307775,428088564,1,1,1,21,2,1
1658307990,365886904,1,1,1,31,3,2
1658307712,85015750,1,1,1,32,2,4
1658307614,27064639,1,1,1,13,6,2
1658307895,102722579,1,1,1,5,11,10
1658308050,653083263,1,1,1,1,21,17
1658307993,39151458,1,1,1,19,0,0
1658307943,213682190,1,1,1,29,6,8
1658307876,468354634,1,1,1,26,3,1
1658307845,379063990,1,1,1,19,0,2
1658307983,221036108,1,1,1,44,1,2
1658308036,213692227,1,1,1,31,1,3
1658308008,75641607,1,1,1,24,1,7
1658307853,653137566,1,1,1,25,3,5
1658308022,213674686,1,1,1,26,10,0
1658307833,38522,1,1,1,19,0,3
1658307827,488889101,1,1,1,13,7,10
1658308016,653083675,1,1,1,11,2,7
1658307996,266422568,1,1,1,15,2,5
1658307671,488872892,1,1,1,23,16,2
1658308012,488800137,1,1,1,6,4,16
1658308050,1057730786,1,1,1,10,6,2
1658307847,131094294,1,1,1,12,11,6
1658307936,129016495,1,1,1,24,13,13
1658308043,1057335613,1,1,1,3,11,16
1658307784,491687415,1,1,1,12,5,5
1658307917,39202840,1,1,1,12,3,1
1658307977,653141822,1,1,1,10,7,3
1658307721,488980540,1,1,1,31,1,1
1658308045,54000599,1,1,1,20,2,1
1658308041,1057221951,1,1,1,2,17,8
1658307879,653137567,1,1,1,0,13,9
1658307878,54000600,1,1,1,26,4,2
1658308049,82455731,1,1,1,41,19,2
1658307802,15212034,1,1,1,10,6,2
1658307976,494183852,1,1,1,34,5,0
1658307787,1057399900,1,1,1,18,4,3
1658308044,559595472,1,1,1,16,5,1
1658307970,210395439,1,1,1,13,6,7
1658307774,491932748,1,1,1,39,0,0
1658307964,1057329581,1,1,1,14,5,4
1658307851,1057378487,1,1,1,9,5,5
1658307987,1057737444,1,1,1,39,5,6
1658307994,82336035,1,1,1,8,5,4
1658307775,1314450240,1,1,1,10,3,2
1658307543,2515636592,1,1,1,14,0,4
1658307612,255322397,1,1,1,25,0,1
1658308014,653139063,1,1,1,38,9,4
1658307977,1057091571,1,1,1,3,21,3
1658307627,210582231,1,1,1,13,5,7
1658308020,653087180,1,1,1,26,1,2
1656114400,583171360,1,0,0,30,0,0
1658307931,312870435,1,1,1,8,0,0
1658307994,1057354004,1,1,1,5,10,13
1658307945,129106450,1,1,1,28,5,1
1658307798,1057405802,1,1,1,26,3,0
1658308047,27414544,1,1,1,18,2,1
1658308020,213894629,1,1,1,36,2,5
1658308046,100923502,1,1,1,3,9,3
1658308039,129059516,1,1,1,34,6,4
1658307990,1227051850,1,1,1,7,30,2
1658308008,1057748427,1,1,1,22,16,5
1658307820,285001735,1,1,1,30,7,2
1658308027,54000560,1,1,1,7,3,9
1658307990,1062742831,1,1,1,26,9,2
1658308021,101017160,1,1,1,25,7,0
1658307861,100933541,1,1,1,18,8,0
1658307974,36391,1,1,1,9,7,3
1658307217,100934967,1,1,1,21,10,2
1658308003,437741660,1,1,1,34,3,5
1658307970,1062783107,1,1,1,11,12,7
1658307768,15309045,1,1,1,12,3,0
1658308004,653086121,1,1,1,14,2,15
1658307842,653139897,1,1,1,17,2,8
1658307893,476155906,1,1,1,17,4,2
1658307923,101011685,1,1,1,18,3,2
1658307538,27415547,1,1,1,23,0,1
1658308008,54000543,1,1,1,7,18,4
1613934558,1015246367,1,0,0,25,0,0
1658308018,284787594,1,1,1,16,19,5
1658307903,1057765913,1,1,1,28,8,1
1658307743,1062704564,1,1,1,28,6,4
1658308040,221043930,1,1,1,34,0,2
1658307860,1057234527,1,1,1,19,15,5
1658308034,49498164,1,1,1,7,3,3
1658307960,76121343,1,1,1,5,5,1
1658307984,1057072168,1,1,1,17,0,6
1658307847,1062685145,1,1,1,6,4,6
1658307934,1056715831,1,1,1,20,1,0
1658307884,101742129,1,1,1,24,11,1
1658308047,1057360420,1,1,1,26,0,1
1658307956,49117995,1,1,1,14,0,2
1658308016,214119792,1,1,1,1,13,5
1658307993,1057366813,1,1,1,10,12,9
1658308040,37504995,1,1,1,7,21,4
1658307695,131908132,1,1,1,12,5,1
1658308028,27363337,1,1,1,17,11,3
1658307731,125811629,1,1,1,21,16,5
1658307545,102307005,1,1,1,20,0,3
1658307983,1057753858,1,1,1,28,7,1
1658307651,452341449,1,1,1,23,0,2
1658308037,54000590,1,1,1,38,7,1
1658307832,6298,1,1,1,21,0,0
1658307996,27359295,1,1,1,3,16,10
1658307543,54000587,1,1,1,30,1,0
1658307934,81212212,1,1,1,17,4,0
1658308016,653087914,1,1,1,9,14,4
1658307977,41219552,1,1,1,12,7,3
1658307677,101738550,1,1,1,19,2,0
1658307697,54000622,1,1,1,22,3,3
1658307876,82339935,1,1,1,7,10,16
1658307982,27414713,1,1,1,18,6,3
1658307907,54000564,1,1,1,3,12,15
1658308043,13912564,1,1,1,7,11,6
1658307993,42907187,1,1,1,18,6,1
1658307764,58311330,1,1,1,23,1,0
1658308021,100967498,1,1,1,36,10,1
1658307984,39149651,1,1,1,35,9,3
1658307710,43247025,1,1,1,12,2,1
1658307778,70903158,1,1,1,16,4,4
1658307955,37879071,1,1,1,27,3,3
1658307908,41464928,1,1,1,56,2,2
1658308024,54000619,1,1,1,11,13,7
1658307907,38060,1,1,1,26,9,8
1658308048,101008598,1,1,1,38,3,1
1658307868,82332239,1,1,1,25,8,3
1658307679,75525462,1,1,1,40,4,0
1658307905,15462861,1,1,1,20,3,8
1658307975,95845524,1,1,1,5,5,5
1658307950,38407,1,1,1,26,8,5
1658307962,82554449,1,1,1,49,7,4
1658307894,39535340,1,1,1,2,27,1
1658307984,1062797394,1,1,1,4,14,6
1658307720,54000570,1,1,1,36,0,0
1658307846,1062256852,1,1,1,3,4,13
1658307783,1057373549,1,1,1,3,11,8
1658308028,653089942,1,1,1,7,3,11
1658308013,128841079,1,1,1,5,20,12
1658308023,220504949,1,1,1,23,3,4
1658307921,15308712,1,1,1,10,9,2
1658307977,7295,1,1,1,11,2,2
1658307928,27296946,1,1,1,7,11,9
1658307916,653143563,1,1,1,21,2,7
1658307909,443153677,1,1,1,9,10,17
1658308023,265201872,1,1,1,43,7,2
1658308034,66505510,1,1,1,48,15,0
1658307911,66491391,1,1,1,29,1,1
1658307947,1062245074,1,1,1,3,18,4
1658308032,201923447,1,1,1,10,17,6
1658308003,9931940126,1,1,1,29,4,3
1658307993,1057758764,1,1,1,33,1,1
1658307817,653144717,1,1,1,20,3,0
1658308044,42275164,1,1,1,24,7,5
1658307795,125623876,1,1,1,15,1,2
1658307992,85031184,1,1,1,37,13,1
1658307791,97824043,1,1,1,3,13,4
1658307496,66491379,1,1,1,12,0,0
1658308047,39169029,1,1,1,23,0,0
1658308031,35600927,1,1,1,31,3,1
1658308042,100868590,1,1,1,2,15,4
1658308048,54000616,1,1,1,19,7,4
1658308026,27364642,1,1,1,25,0,2
1658307969,66491381,1,1,1,29,1,2
1658307946,49094984,1,1,1,35,0,0
1658307923,77773,1,1,1,22,6,0
1658308011,15463487,1,1,1,21,1,4
1658307945,52518,1,1,1,10,11,0
1658308006,1062874070,1,1,1,38,1,0
1658308021,82574198,1,1,1,3,28,9
1658308035,30730,1,1,1,21,10,1
1658307517,27415389,1,1,1,26,0,3
1658307893,1062802530,1,1,1,10,5,2
1658307970,653091206,1,1,1,26,8,6
1658308013,653042678,1,1,1,20,5,0
1658308042,75345531,1,1,1,9,4,2
1658308011,66505516,1,1,1,14,28,1
1658307973,49341735,1,1,1,35,4,3
1658307746,15309674,1,1,1,18,1,2
1658307878,66491367,1,1,1,2,8,4
1658307697,129023855,1,1,1,22,0,2
1658307937,54000554,1,1,1,24,6,2
1658307851,27414902,1,1,1,14,4,2
1658307761,2515672078,1,1,1,15,4,3
1658308046,35317080,1,1,1,18,1,1
1658307706,27415179,1,1,1,21,1,0
1658307994,653146273,1,1,1,6,15,0
1658307911,1062882947,1,1,1,10,8,3
1658308033,653091677,1,1,1,1,14,8
1658307711,35472299,1,1,1,5,1,6
1658307922,1805255023,1,1,1,10,12,8
1658308026,66489651,1,1,1,12,11,10
1658308015,1057207064,1,1,1,12,1,11
1658307984,39626277,1,1,1,5,4,6
1658307744,213687475,1,1,1,10,2,9
1658307493,1062982815,1,1,1,17,0,1
1658307733,128890772,1,1,1,21,5,1
1658307850,266963426,1,1,1,37,7,6
1658308010,7268,1,1,1,27,3,1
1658307988,1237624420,1,1,1,28,1,1
1658307695,129152818,1,1,1,10,3,6
1658308020,27313492,1,1,1,4,11,11
1658307741,338824395,1,1,1,9,4,2
1658308042,128932790,1,1,1,15,3,11
1658308035,100760396,1,1,1,16,9,5
1658307900,210585225,1,1,1,17,2,0
1658308049,82396562,1,1,1,14,3,2
1658308050,312165511,1,1,1,10,21,4
1658307978,262607058,1,1,1,25,4,4
1658307694,1074095810,1,1,1,15,0,5
1658307771,128880156,1,1,1,19,3,2
1658307984,27415411,1,1,1,22,0,1
1658307746,210387163,1,1,1,29,1,1
1658308011,653150828,1,1,1,6,10,4
1658307898,443654970,1,1,1,26,5,5
1658307993,1063971944,1,1,1,28,1,0
1658307964,15153595,1,1,1,27,2,3
1658307783,54000465,1,1,1,22,5,0
1658307775,471094898,1,1,1,21,1,1
1658307793,66499894,1,1,1,26,4,1
1658307709,100759356,1,1,1,9,2,3
1658307771,1062911162,1,1,1,28,0,0
1658307818,42341698,1,1,1,2,20,19
1658307850,653187900,1,1,1,36,1,2
1658225064,128874528,1,1,1,0,8,5
1658307887,1062827573,1,1,1,26,1,2
1658307721,54000542,1,1,1,18,8,1
1658307867,1074187051,1,1,1,16,5,4
1658308009,331153695,1,1,1,3,8,13
1658308004,1074142878,1,1,1,11,2,7
1658307985,11874261013,1,1,1,1,13,5
1658307906,213680246,1,1,1,30,1,3
1658308033,1064000778,1,1,1,12,37,5
1658307712,1074060095,1,1,1,26,0,1
1658307971,1057290902,1,1,1,34,4,5
1658308034,80419347,1,1,1,16,5,4
1658307483,1063000561,1,1,1,19,0,0
1658307540,213680553,1,1,1,38,13,0
1658307978,1063012692,1,1,1,2,7,10
1658307911,54000538,1,1,1,8,13,7
1658307929,82499609,1,1,1,17,19,0
1658307797,1064008882,1,1,1,17,0,2
1658307846,653152142,1,1,1,13,2,4
1658307951,129029327,1,1,1,0,14,5
1658308013,1063429705,1,1,1,17,3,1
1658307759,478250062,1,1,1,10,8,6
1658307747,1062833975,1,1,1,34,0,0
1658308029,11908510683,1,1,1,8,8,8
1658307857,2515756572,1,1,1,23,5,4
1658307929,1063410400,1,1,1,9,3,10
1658307977,80298493,1,1,1,9,7,9
1658307735,98132679,1,1,1,46,1,2
1658308005,96608796,1,1,1,1,18,6
1658308046,58391194,1,1,1,25,2,0
1658308023,1396728955,1,1,1,17,3,3
1658308006,128878135,1,1,1,24,0,2
1658089182,48800374,1,0,0,14,0,0
1658308020,1063044618,1,1,1,4,22,1
1658307845,1063421211,1,1,1,30,7,3
1658307853,569583918,1,1,1,8,18,18
1658308032,129083553,1,1,1,8,16,6
1658307957,1074204954,1,1,1,2,22,2
1658308050,100767550,1,1,1,39,4,1
1658307751,1074333296,1,1,1,30,10,1
1658307648,11908496227,1,1,1,23,0,0
1658308020,54000537,1,1,1,5,6,5
1658308035,653094517,1,1,1,5,8,19
1658307852,1063984816,1,1,1,17,0,1
1658307915,442739463,1,1,1,8,2,8
1658307944,380891087,1,1,1,31,2,2
1658308024,49423507,1,1,1,16,25,11
1658307795,128834707,1,1,1,13,8,1
1658307710,78374110,1,1,1,2,9,4
1658307744,653097126,1,1,1,24,2,0
1658307818,391845823,1,1,1,21,3,1
1658307897,15433394,1,1,1,37,3,0
1658307768,653140345,1,1,1,23,0,1
1658307936,15290700,1,1,1,14,2,5
1658307665,276989966,1,1,1,1,11,4
1658308020,2515885093,1,1,1,0,15,13
1658307759,54001189,1,1,1,11,9,8
1658307972,653153519,1,1,1,4,7,8
1658308003,39887632,1,1,1,10,8,6
1658307877,581480367,1,1,1,48,16,3
1658307901,6293,1,1,1,7,12,8
1658307681,653072212,1,1,1,16,6,7
1658307958,128843085,1,1,1,12,12,4
1658307638,1063027377,1,1,1,18,1,5
1658308031,653085678,1,1,1,5,14,5
1658308036,6352,1,1,1,10,2,6
1658307810,120564786,1,1,1,30,15,13
1658308033,210386007,1,1,1,1,7,12
1658307980,6245,1,1,1,22,2,3
1658308015,1063053136,1,1,1,4,6,9
1658307813,27414358,1,1,1,3,9,5
1658307975,101751231,1,1,1,35,0,1
1658307879,1074339090,1,1,1,19,2,4
1658308044,1062844489,1,1,1,28,1,4
1658308030,54000596,1,1,1,27,3,3
1658308033,39169877,1,1,1,61,3,2
1658308032,653155159,1,1,1,11,4,6
1658307931,653099465,1,1,1,16,2,13
1658308051,323468705,1,1,1,10,7,4
1658307962,1810975577,1,1,1,27,2,1
1658307873,2705356759,1,1,1,9,7,10
1658307788,35380305,1,1,1,34,0,1
1658307975,100790494,1,1,1,22,2,0
1658307814,653040243,1,1,1,0,17,9
1658307891,1063061372,1,1,1,20,5,9
1658308036,2705290225,1,1,1,25,3,2
1658308035,214019379,1,1,1,9,8,7
1658307673,82574979,1,1,1,20,3,3
1658307556,1599896463,1,1,1,21,2,0
1658307813,1987547083,1,1,1,11,1,18
1658308014,2705338817,1,1,1,13,2,4
1658307946,1074410417,1,1,1,23,2,1
1658308050,1074352578,1,1,1,25,0,0
1658307874,53999465,1,1,1,37,13,16
1658307972,653156540,1,1,1,28,1,6
1658308017,54000573,1,1,1,33,8,3
1658307975,210328645,1,0,0,19,0,0
1658307826,99886640,1,1,1,4,11,8
1658308014,129080400,1,1,1,20,0,3
1658308015,1981490798,1,1,1,14,9,0
1658307997,66491366,1,1,1,13,13,11
1658307899,6297,1,1,1,12,1,1
1658087321,653031913,1,0,0,19,0,0
1658307947,1074428106,1,1,1,11,8,9
1658307996,653102462,1,1,1,11,23,6
1658308030,1057210479,1,1,1,12,2,1
1658308036,27414527,1,1,1,10,4,5
1658307536,653092274,1,1,1,19,3,11
1658308031,208603342,1,1,1,8,6,6
1658307974,311153993,1,1,1,15,9,8
1658307894,632086890,1,1,1,0,16,9
1658307637,653104215,1,1,1,32,0,2
1658307953,54000557,1,1,1,14,4,2
1658307907,653110858,1,1,1,9,12,2
1658307981,653159330,1,1,1,15,9,4
1658307700,49424560,1,1,1,20,13,1
1658307925,653165196,1,1,1,7,19,1
1658308029,1074390359,1,1,1,4,21,4
1658308038,2002864789,1,1,1,8,5,2
1658307639,11146714746,1,1,1,15,7,5
1658307957,11146696292,1,1,1,7,22,2
1658307698,653107480,1,1,1,16,2,3
1658307998,1988517250,1,1,1,11,5,8
1658307644,74864208,1,1,1,26,1,1
1658308040,653166892,1,1,1,5,11,13
1658308020,653106960,1,1,1,0,30,6
1658307995,82468690,1,1,1,51,0,4
1658307904,54000536,1,1,1,5,15,15
1658308030,39565873,1,1,1,15,7,4
1658307981,1074398925,1,1,1,4,9,23
1658307890,12225158518,1,1,1,25,1,1
1658307578,12225289563,1,1,1,23,3,2
1658307953,567884788,1,1,1,0,13,9
1658307684,99950133,1,1,1,51,2,2
1658308014,549480297,1,1,1,0,12,10
1658307721,12196660096,1,1,1,23,3,3
1658307699,653175838,1,1,1,12,0,5
1658308046,84960402,1,1,1,9,26,1
1658308030,2515701705,1,1,1,10,4,5
1658307978,15550433574,1,1,1,29,0,9
1658307765,11218473640,1,1,1,22,1,1
1632509667,54000558,1,0,0,0,0,0
1658307829,653110492,1,1,1,12,14,1
1658307870,102339791,1,1,1,25,0,1
1658307658,52474,1,1,1,20,0,0
1658307929,486750405,1,1,1,15,2,4
1658307763,10773448319,1,1,1,1,17,7
1658307865,11438171152,1,1,1,12,0,10
1658307996,653046369,1,1,1,0,12,14
1658307981,125370566,1,1,1,16,0,1
1658308039,66491396,1,1,1,36,2,8
1658308042,102328355,1,1,1,8,11,1
1658308047,76352106,1,1,1,8,12,10
1658307962,653180903,1,1,1,31,3,0
1658308044,101015227,1,1,1,8,13,12
1658307884,74805344,1,1,1,8,6,13
1658307994,78124875,1,1,1,55,0,0
1658307872,54000578,1,1,1,19,9,4
1658307822,102724418,1,1,1,6,17,1
1658308051,102287315,1,1,1,6,32,4
1658307930,42950428,1,1,1,9,29,12
1658308017,100921894,1,1,1,8,9,0
1658308047,82429586,1,1,1,4,31,3
1658308018,37995,1,1,1,21,20,8
1658307813,653193536,1,1,1,12,4,4
1658308045,54000589,1,1,1,64,1,2
1658308042,74692052,1,1,1,30,0,2
1658307988,35080917,1,1,1,29,1,0
1658307623,89553051,1,1,1,14,6,0
1658307916,11218807773,1,1,1,26,13,4
1658308011,101759167,1,1,1,24,18,4
1658307649,37420,1,1,1,4,5,8
1658307990,27363058,1,1,1,20,3,0
1658307976,66491390,1,1,1,16,13,10
1658308017,653114003,1,1,1,10,11,4
1658307762,27363206,1,1,1,22,3,2
1658308035,54000591,1,1,1,29,8,0
1658307871,49791363,1,1,1,14,4,11
1658308026,7402,1,1,1,10,1,4
1658307818,75352635,1,1,1,3,7,13
1658307816,34836174,1,1,1,23,2,5
1658307996,6354,1,1,1,3,26,3
1628239218,16206842336,0,0,0,0,0,0
1658307880,101022698,1,1,1,12,16,7
1658307869,27415194,1,1,1,34,2,0
1658307984,54000624,1,1,1,20,0,0
1658307946,653114443,1,1,1,4,16,0
1658307993,74635382,1,1,1,16,11,10
1658307930,653190196,1,1,1,22,7,8
1658307985,27363156,1,1,1,20,2,0
1658307968,39776330,1,1,1,14,3,0
1658307848,54000594,1,1,1,17,8,1
1658308043,66491373,1,1,1,0,17,1
1658308034,66491409,1,1,1,18,1,1
1658308018,82583924,1,1,1,27,0,1
1658307667,124183944,1,1,1,42,6,2
1658307929,27363389,1,1,1,18,7,1
1658307695,653184632,1,1,1,32,0,1
1658307890,102751453,1,1,1,24,2,1
1628171945,16206691682,0,0,0,0,0,0
1658307923,35263507,1,1,1,19,4,0
1658307898,58086242,1,1,1,10,0,0
1658307966,82440673,1,1,1,48,1,1
1658307803,27399547,1,1,1,17,3,1
1658307977,54000610,1,1,1,48,18,1
1658307985,13356269,1,1,1,13,9,9
1658307986,54000583,1,1,1,32,1,2
1658307683,63279,1,1,1,14,2,0
1658307970,125918662,1,1,1,17,1,2
1658307901,15163771,1,1,1,9,15,5
1658307869,82571023,1,1,1,41,2,1
1658308012,100893610,1,1,1,38,15,4
1658307457,27363205,1,1,1,35,0,0
1658308034,653197206,1,1,1,8,9,6
1658308048,27415256,1,1,1,10,19,3
1658307824,101488317,1,1,1,27,4,4
1658307930,6497,1,1,1,19,0,1
1658307641,653118283,1,1,1,13,6,6
1658308041,117480156,1,1,1,5,20,15
1658307756,124167835,1,1,1,13,0,5
1658307882,74858883,1,1,1,30,2,0
1658307894,66491384,1,1,1,21,9,4
1658307855,102748267,1,1,1,19,0,4
1658308051,28233012,1,1,1,14,10,6
1658308023,27415371,1,1,1,33,2,0
1658307998,49829553,1,1,1,26,2,2
1658308022,128884445,1,1,1,27,25,8
1658308041,37848502,1,1,1,8,8,9
1658308030,54000552,1,1,1,14,6,10
1658307740,102752610,1,1,1,26,0,1
1658307535,82335295,1,1,1,28,1,1
1658307889,66491382,1,1,1,34,1,1
1658307892,124176568,1,1,1,15,0,1
1658307736,39882420,1,1,1,16,5,1
1658308041,27415360,1,1,1,15,2,1
1658307952,82588494,1,1,1,25,2,1
1658307826,125542925,1,1,1,36,0,0
1658307938,54000547,1,1,1,30,2,2
1658308026,82425449,1,1,1,46,1,3
1658307915,7234,1,1,1,8,13,7
1658307515,85160045,1,1,1,17,4,5
1658307725,35816213,1,1,1,25,8,0
1658307844,82408364,1,1,1,33,0,4
1658307986,653190279,1,1,1,6,13,0
1658307996,82551956,1,1,1,24,5,3
1658307934,66491372,1,1,1,10,29,21
1658308025,82413301,1,1,1,25,12,1
1658307855,80077998,1,1,1,14,1,1
1658307869,13248144,1,1,1,21,7,6
1658308037,54000568,1,1,1,42,3,3
1658307797,39311270,1,1,1,29,0,4
1658308047,54000631,1,1,1,17,6,2
1658307735,99840124,1,1,1,41,3,1
1658307931,54000623,1,1,1,25,0,1
1658307840,653121023,1,1,1,1,10,11
1658307657,76507850,1,1,1,24,7,2
1658307901,101010226,1,1,1,3,15,28
1658307987,653194214,1,1,1,10,7,1
1658307936,11375742,1,1,1,21,1,2
1658308016,27415083,1,1,1,26,22,3
1658307996,27415333,1,1,1,47,8,0
1658308050,66491369,1,1,1,36,10,3
1658308047,27363397,1,1,1,0,8,11
1658308045,39878420,1,1,1,7,8,5
1658307742,27363504,1,1,1,23,3,1
1658307634,27414932,1,1,1,37,0,1
1658307968,14623073464,1,1,1,29,11,6
1658307621,82588656,1,1,1,49,2,1
1658307960,35471668,1,1,1,25,3,1
1658308047,27415500,1,1,1,25,1,0
1658308048,11580442,1,1,1,12,5,0
1658308026,99798962,1,1,1,25,7,3
1658308037,66507230,1,1,1,9,8,1
1658307772,125881065,1,1,1,29,2,1
1658307775,54000627,1,1,1,16,5,0
1658307639,121086415,1,1,1,13,5,5
1658307781,84961467,1,1,1,39,10,5
1658307914,54000629,1,1,1,24,10,2
1658307982,27415004,1,1,1,26,11,0
1658307745,27415128,1,1,1,4,9,5
1658308005,27414937,1,1,1,20,16,1
1658307831,42588096,1,1,1,23,4,0
1658307881,100227241,1,1,1,28,3,4
1658307989,2254322638,1,1,1,15,8,2
1658307904,15377776,1,1,1,27,3,4
1658307983,70736110,1,1,1,33,0,0
1627636430,16210188070,0,0,0,0,0,0
1627545043,16210512714,0,0,0,0,0,0
1658308045,11063317380,1,1,1,0,11,7
1658307731,121160813,1,1,1,21,3,4
1658308044,66491388,1,1,1,9,12,9
1650555662,16043228469,0,0,0,16,0,0
1650556299,16043282800,0,0,0,0,0,0
1658307789,15189890802,1,1,1,21,0,3
1658307964,16043242148,1,1,1,13,9,5
1658308023,16043316164,1,1,1,24,2,1
1658308002,54000628,1,1,1,22,25,9
1658307921,15187848239,1,1,1,7,17,3
1658307842,129095489,1,1,1,24,0,2
1658308050,1057383154,1,1,1,1,42,6
1658308042,218903767,1,1,1,57,3,2
1658307826,37647,1,1,1,22,2,1
1658308025,523900881,1,1,1,45,6,5
1658307964,54000555,1,1,1,10,8,15
1658003859,54000621,1,0,0,56,0,0
1658307983,214097180,1,1,1,0,16,5
1658308038,54000556,1,1,1,12,4,9
1658307875,2515618216,1,1,1,6,15,6
1658307990,1057387136,1,1,1,3,13,14
1658307888,11908488283,1,1,1,10,10,5
1658307953,85123644,1,1,1,25,0,0
1658308022,100863462,1,1,1,38,11,11
1658307995,253357936,1,1,1,41,14,2
1658307927,42517412,1,1,1,24,0,0
1658308013,54000551,1,1,1,8,4,5
1593435140,213699079,1,0,0,67,0,0
1658307554,10647548670,1,1,1,16,0,5
1658308027,15066765479,1,1,1,6,21,9
1658307903,10647608657,1,1,1,3,16,10
1658307911,213676294,1,1,1,4,17,0
1658308022,95073815,1,1,1,6,14,16
1558939179,16134135570,0,0,0,0,0,0
1658308049,16134083337,1,1,1,29,0,1
1658307881,11266280626,1,1,1,20,6,6
1658307785,49039283,1,1,1,16,0,1
1658308050,35642049,1,1,1,9,1,1
1658308011,11851012506,1,1,1,5,19,6
1627456205,16379269732,0,0,0,0,0,0
1658307771,27033125,1,1,1,12,0,2
1658307993,13341879803,1,1,1,8,15,2
1658307931,1074347188,1,1,1,4,11,5
1658307860,2515774908,1,1,1,22,0,0
1658307881,84986959,1,1,1,44,13,4
1658307808,11851103861,1,1,1,19,1,5
1658308051,12806084887,1,1,1,24,12,7
1658307879,123546861,1,1,1,22,1,1
1658307865,12943772652,1,1,1,17,6,8
1658307639,12948189248,1,1,1,19,3,8
1658307460,15826185972,1,1,1,14,0,2
1658308042,82423726,1,1,1,37,22,8
1658307870,252301607,1,1,1,0,11,9
1658307833,12959947458,1,1,1,23,0,0
1658307996,210581084,1,1,1,1,9,15
1658307944,101013666,1,1,1,0,34,17
1658307921,34742973,1,1,1,1,14,7
1658308018,11437761399,1,1,1,21,9,2
1658307926,11438116799,1,1,1,21,18,1
1658307836,11437961617,1,1,1,9,12,4
1658307966,11438049493,1,1,1,21,9,0
1658308015,11437651826,1,1,1,24,1,2
1658307846,11004720021,1,1,1,20,4,2
1653472786,11437706131,0,0,0,26,0,0
1658307993,102335085,1,1,1,3,28,5
1658307980,13373712848,1,1,1,23,0,1
1658307863,13373848216,1,1,1,2,2,21
1658307675,13373801574,1,1,1,9,2,15
1658308049,13373758036,1,1,1,25,0,3
1658308043,129026597,1,1,1,11,4,7
1658307989,478732841,1,1,1,15,0,1
1658307743,1062807847,1,1,1,7,24,8
1658307969,82402482,1,1,1,52,1,2
1658307974,129088667,1,1,1,26,10,2
1658308034,54000604,1,1,1,24,6,4
1658307833,43247738,1,1,1,31,2,1
1658308040,102311820,1,1,1,29,6,0
1658308043,394404659,1,1,1,28,10,6
1658307883,516395829,1,1,1,3,7,3
1658308009,368766689,1,1,1,1,27,6
1658308049,315022587,1,1,1,14,25,25
