"last_reported","station_id","is_installed","is_returning","is_renting","dock_available","mechanical_available","electric_available"
1658214839,213688169,1,1,1,33,0,2
1658214832,653222953,1,1,1,3,4,21
1658214862,516709288,1,1,1,16,0,4
1658214872,36255,1,1,1,21,0,0
1658214840,37815204,1,1,1,28,1,0
1658214786,100769544,1,1,1,21,22,2
1658214837,85002689,1,1,1,40,13,4
1658214838,123095125,1,1,1,56,2,1
1658214869,120827885,1,1,1,0,9,2
1658214662,251039991,1,1,1,19,5,1
1658214818,37874517,1,1,1,18,2,1
1658214862,66491398,1,1,1,20,25,3
1658214855,210403080,1,1,1,21,1,1
1658214844,210561800,1,1,1,14,0,3
1658214862,209063434,1,1,1,16,5,8
1658214871,94555589,1,1,1,24,1,1
1658214855,244498842,1,1,1,34,8,5
1658214545,210405211,1,1,1,18,0,1
1658214714,43195240,1,1,1,14,8,2
1658214521,501862076,1,1,1,20,0,0
1658214859,54000559,1,1,1,33,3,3
1658214704,207633746,1,1,1,31,5,13
1658214835,85043758,1,1,1,28,2,6
1658214870,210566542,1,1,1,32,19,9
1658214867,437597018,1,1,1,25,2,0
1658214793,210565680,1,1,1,20,9,4
1658214625,210397939,1,1,1,16,0,1
1658214541,82405965,1,1,1,16,17,8
1658214837,213682736,1,1,1,48,2,1
1658214760,80101533,1,1,1,30,1,3
1658214820,54000581,1,1,1,18,14,1
1658214743,13105968,1,1,1,19,0,2
1658214849,653208733,1,1,1,29,6,3
1658214833,27415224,1,1,1,0,25,7
1658214715,907054879,1,1,1,6,3,11
1658214840,129094535,1,1,1,30,10,1
1658214835,54000612,1,1,1,27,12,2
1658206456,128986726,1,1,1,33,0,0
1658214836,599135701,1,1,1,43,0,0
1658214871,102747146,1,1,1,10,11,3
1658214588,2515403527,1,1,1,28,1,1
1658214708,653132534,1,1,1,13,8,4
1658214830,506455295,1,1,1,0,11,4
1658214873,1057149522,1,1,1,4,14,2
1658214811,210567545,1,1,1,8,8,1
1658214832,2515085147,1,1,1,21,0,0
1658214551,653197324,1,1,1,8,4,12
1658214605,210408693,1,1,1,20,1,2
1658203751,42950839,1,1,1,5,10,3
1658214865,14813797734,1,1,1,12,9,6
1658214866,88230992,1,1,1,29,0,1
1658214701,499303158,1,1,1,1,23,5
1658214871,27415302,1,1,1,23,0,2
1658214871,27414512,1,1,1,31,4,5
1658214845,210580039,1,1,1,16,0,0
1658214794,49474389,1,1,1,0,12,11
1658214752,128940135,1,1,1,7,4,9
1658214867,35149611,1,1,1,10,1,1
1658214820,1057296253,1,1,1,4,53,5
1658214706,210570888,1,1,1,10,8,3
1658214827,129107656,1,1,1,19,1,0
1658214610,1057228658,1,1,1,15,1,6
1658178883,230873471,1,1,1,20,1,0
1658214485,507934805,1,1,1,23,1,1
1658214653,205047993,1,1,1,46,0,0
1658214831,39799329,1,1,1,11,16,6
1658214847,129164969,1,1,1,36,9,2
1658214660,128989986,1,1,1,12,8,8
1658214564,129004826,1,1,1,14,1,1
1658214834,518825709,1,1,1,19,1,1
1658214869,128930462,1,1,1,5,12,12
1658214521,911767210,1,1,1,20,1,0
1658214839,54000565,1,1,1,22,2,1
1658214481,210586093,1,1,1,22,0,0
1658214586,7254,1,1,1,20,3,1
1658214844,369644630,1,1,1,28,2,1
1658214841,214114469,1,1,1,8,21,1
1658214821,128887067,1,1,1,0,10,8
1658214832,55927887,1,1,1,4,30,1
1658214832,210574471,1,1,1,7,0,5
1658214854,72765603,1,1,1,19,0,0
1658214772,210582921,1,1,1,0,9,5
1658214658,43255030,1,1,1,41,3,4
1658214766,129025451,1,1,1,27,0,0
1658214776,128920403,1,1,1,18,8,1
1658214778,323616530,1,1,1,8,6,1
1658214852,208795867,1,1,1,16,1,0
1658214789,1062192012,1,1,1,13,2,17
1658214806,6296,1,1,1,14,2,1
1658214729,521393180,1,1,1,14,3,4
1658214805,576188379,1,1,1,20,1,2
1658214773,128915891,1,1,1,1,22,7
1658214619,82567101,1,1,1,14,5,3
1652812373,102290754,1,0,0,24,0,0
1658214844,457813746,1,1,1,8,3,3
1658214796,128882438,1,1,1,19,17,2
1658214799,50191171,1,1,1,23,0,0
1658214856,129014600,1,1,1,0,17,16
1658214849,3906153622,1,1,1,16,0,0
1658214796,129087587,1,1,1,38,0,0
1658214518,213693511,1,1,1,21,1,1
1658214845,82379648,1,1,1,0,7,23
1658214826,66491397,1,1,1,14,35,11
1658214849,907081682,1,1,1,0,0,0
1658214768,230877798,1,1,1,33,1,0
1658144115,2515995748,1,1,1,21,0,1
1658214690,27363162,1,1,1,21,1,0
1658214870,129021753,1,1,1,13,1,2
1658214737,210740080,1,1,1,48,0,0
1658214867,54000569,1,1,1,36,1,1
1658214869,80216231,1,1,1,37,2,0
1658214455,336511521,1,1,1,17,0,0
1658214842,129043651,1,1,1,9,11,0
1658214832,82562556,1,1,1,36,12,1
1658214781,129048000,1,1,1,41,0,3
1658214512,1062250686,1,1,1,26,2,7
1658214858,261987383,1,1,1,13,11,1
1658214843,813544903,1,1,1,27,3,0
1658214806,126050442,1,1,1,20,2,1
1658214566,27363489,1,1,1,22,0,2
1658214863,39296638,1,1,1,0,22,13
1658214767,205938683,1,1,1,35,9,7
1658214568,210399835,1,1,1,36,0,2
1658214643,1057324291,1,1,1,53,3,1
1658214871,102324803,1,1,1,36,0,1
1658214864,101763163,1,1,1,5,7,0
1658214843,653133605,1,1,1,4,31,9
1658214820,3906094706,1,1,1,31,1,0
1658214870,27414578,1,1,1,6,4,6
1658214844,508042092,1,1,1,6,24,4
1658214840,42603855,1,1,1,3,2,12
1658214798,818302209,1,1,1,11,11,27
1658214872,13718041,1,1,1,22,1,1
1658214855,265464297,1,1,1,49,0,1
1658214868,1057392676,1,1,1,11,17,6
1658214592,102309973,1,1,1,41,1,1
1658214840,532054446,1,1,1,52,3,0
1658214829,129034587,1,1,1,16,0,0
1658214845,314829539,1,1,1,35,6,7
1658214697,586539770,1,1,1,7,10,5
1658214852,3906335682,1,1,1,21,1,3
1658214755,583539396,1,1,1,15,8,2
1658214862,101753100,1,1,1,0,8,8
1658214859,27415466,1,1,1,20,1,0
1658214850,52393,1,1,1,35,5,10
1658214604,81081358,1,1,1,36,1,1
1658214667,66491385,1,1,1,22,1,1
1658214738,209057581,1,1,1,17,1,0
1658214831,66491389,1,1,1,0,33,25
1658214722,210749865,1,1,1,14,2,0
1658214849,535500589,1,1,1,23,29,12
1658214602,597245295,1,1,1,33,1,1
1658214649,213684314,1,1,1,23,1,0
1658214777,235513935,1,1,1,27,0,0
1658214751,27206194,1,1,1,16,2,1
1658214712,102323152,1,1,1,17,0,1
1658214793,129060764,1,1,1,13,14,0
1658214850,828134511,1,1,1,16,8,6
1658214781,586649404,1,1,1,10,6,8
1658214777,596813170,1,1,1,12,0,3
1658214326,596872103,1,1,1,28,0,2
1658214630,271426439,1,1,1,18,0,1
1658214395,27363187,1,1,1,40,1,2
1658214856,76199461,1,1,1,30,1,0
1658214816,230952057,1,1,1,7,16,7
1658214852,37815993,1,1,1,7,24,3
1658214806,88140066,1,1,1,45,11,9
1658214760,213683101,1,1,1,15,2,1
1658214749,213684750,1,1,1,20,10,4
1658214622,129067920,1,1,1,37,0,2
1658214872,2515049357,1,1,1,16,7,0
1658214596,27364743,1,1,1,19,0,1
1658214460,102314792,1,1,1,28,1,3
1658214732,35447568,1,1,1,20,0,3
1658214550,129038848,1,1,1,10,0,6
1658214793,27415736,1,1,1,25,3,2
1658214690,583178525,1,1,1,20,0,0
1658214723,2514995690,1,1,1,9,15,6
1658214869,82387816,1,1,1,17,7,8
1658214839,213685090,1,1,1,25,3,1
1658214750,301841024,1,1,1,27,1,1
1658214857,66491402,1,1,1,34,0,0
1658214311,213679512,1,1,1,22,1,2
1658214833,588452142,1,1,1,10,13,0
1658214866,85147829,1,1,1,14,10,2
1658214827,213681356,1,1,1,19,2,1
1658214695,2515351285,1,1,1,21,3,1
1658214861,213685514,1,1,1,3,19,1
1658214809,102329800,1,1,1,27,0,0
1658214788,54000625,1,1,1,18,12,2
1658214750,572566600,1,1,1,24,1,4
1658214850,213911772,1,1,1,49,3,4
1658214870,129132870,1,1,1,13,6,4
1658214813,620403530,1,1,1,2,10,8
1658214754,66491378,1,1,1,45,6,0
1658214656,631773910,1,1,1,7,17,0
1658214731,1765749389,1,1,1,1,10,1
1658214855,611152693,1,1,1,19,0,8
1658214734,235241110,1,1,1,10,38,13
1658214873,613737748,1,1,1,7,22,1
1658214852,41498023,1,1,1,23,0,0
1658214745,1062671597,1,1,1,14,3,5
1658214870,213945171,1,1,1,20,0,2
1658172380,463297497,1,1,1,20,0,0
1658214432,213875650,1,1,1,7,10,7
1658214425,245187072,1,1,1,17,1,1
1658214734,129144878,1,1,1,3,19,7
1658214862,27415665,1,1,1,35,2,2
1658214772,593238093,1,1,1,1,12,11
1658214815,102331767,1,1,1,26,6,2
1658214858,37791,1,1,1,32,2,1
1658214622,50156117,1,1,1,21,1,1
1658214821,15462236,1,1,1,18,2,12
1658214743,129093478,1,1,1,25,1,1
1658214835,35908,1,1,1,16,1,1
1658214842,210744286,1,1,1,40,3,2
1658214865,101024234,1,1,1,28,24,3
1658214408,213992316,1,1,1,48,1,1
1658214337,213694482,1,1,1,19,1,0
1658214716,129011497,1,1,1,21,1,0
1658214513,101743895,1,1,1,58,3,1
1658214790,213691848,1,1,1,36,5,1
1658214744,210396518,1,1,1,14,1,1
1658214671,97677210,1,1,1,45,1,1
1658214785,39254792,1,1,1,37,4,3
1658214865,213683992,1,1,1,32,13,3
1658214350,54000601,1,1,1,18,0,0
1658214848,27362896,1,1,1,2,12,12
1658214857,213687140,1,1,1,25,7,2
1658214489,235599121,1,1,1,24,1,1
1658214834,213680917,1,1,1,21,1,2
1658214850,1057774603,1,1,1,25,3,3
1658214805,213688462,1,1,1,37,1,0
1658214836,102749572,1,1,1,22,10,15
1658214655,549876068,1,1,1,23,6,10
1658214646,390212609,1,1,1,14,16,0
1658214862,63498079,1,1,1,21,2,1
1658214872,102338493,1,1,1,23,3,3
1658214383,875078767,1,1,1,20,0,0
1658214853,210573120,1,1,1,26,0,6
1658214764,1558958733,1,1,1,9,6,10
1658214748,2515802454,1,1,1,15,4,7
1658214520,648227675,1,1,1,39,0,1
1658214839,42566291,1,1,1,1,17,15
1658214847,1062206433,1,1,1,18,0,2
1658214818,129032910,1,1,1,48,1,2
1658214790,647826568,1,1,1,14,15,1
1658214833,54000577,1,1,1,25,1,0
1658214836,54001024,1,1,1,48,0,1
1658214865,94250567,1,1,1,7,39,5
1658214722,129078200,1,1,1,24,1,3
1658214788,649888071,1,1,1,2,10,6
1658214753,82563707,1,1,1,29,2,1
1658214869,129143598,1,1,1,4,13,11
1658214859,213690847,1,1,1,33,3,1
1658214835,102333275,1,1,1,3,23,6
1658214846,640629438,1,1,1,8,6,6
1658214696,82328045,1,1,1,9,10,3
1658214635,27363362,1,1,1,18,0,0
1658214848,237624030,1,1,1,1,25,10
1658214768,213957917,1,1,1,2,16,8
1658214639,54000626,1,1,1,5,11,6
1658214827,6399,1,1,1,29,1,3
1658214845,210746090,1,1,1,47,1,1
1658214851,27414841,1,1,1,29,0,0
1658214858,82253759,1,1,1,2,18,7
1658214866,82457375,1,1,1,28,3,0
1658214499,54000609,1,1,1,32,1,0
1515739220,27415512,1,0,0,35,0,0
1658214721,49859500,1,1,1,13,4,1
1658214854,214139374,1,1,1,27,1,1
1658214808,213702608,1,1,1,17,1,1
1658214810,559507144,1,1,1,23,0,2
1658214731,213700358,1,1,1,19,0,1
1658214844,653063170,1,1,1,23,10,5
1658214756,3906215030,1,1,1,31,5,2
1658214655,129151834,1,1,1,38,1,2
1658214817,237041013,1,1,1,15,3,1
1658214580,54000553,1,1,1,7,14,13
1658214606,653200142,1,1,1,21,9,6
1658214867,650091839,1,1,1,11,9,4
1658214696,362869414,1,1,1,13,7,4
1658214790,55664548,1,1,1,3,28,2
1658214854,100859941,1,1,1,14,20,16
1658214850,49368561,1,1,1,45,9,1
1658214702,42743053,1,1,1,32,0,1
1658214810,213699913,1,1,1,20,1,3
1658214861,101740379,1,1,1,40,0,1
1658214545,4329844165,1,1,1,29,3,1
1658214735,213694069,1,1,1,26,0,0
1655990886,214134714,1,0,0,26,0,0
1658214659,468843711,1,1,1,21,1,1
1658214756,378626842,1,1,1,39,7,4
1658214846,27414945,1,1,1,13,2,0
1658214871,210090269,1,1,1,57,3,2
1658214821,376664868,1,1,1,22,6,1
1658214795,2515927759,1,1,1,13,3,11
1658214862,205955605,1,1,1,4,20,12
1658214639,933214552,1,1,1,0,22,2
1658214863,66491370,1,1,1,26,1,1
1658214822,353462947,1,1,1,10,12,7
1658214399,1559700274,1,1,1,15,2,2
1658207029,39217683,1,1,1,12,8,2
1658214846,213688824,1,1,1,32,1,0
1658214837,82337423,1,1,1,22,20,4
1658214855,66491404,1,1,1,19,1,0
1658214577,652120758,1,1,1,55,3,1
1658214839,66491393,1,1,1,37,9,1
1658214574,1062223873,1,1,1,17,4,1
1658214706,49085250,1,1,1,15,1,1
1658214821,376526598,1,1,1,25,17,4
1658214605,27071684,1,1,1,32,0,1
1658214864,2515907297,1,1,1,4,9,4
1658214838,66491401,1,1,1,56,0,0
1658214872,341388492,1,1,1,42,1,3
1658214871,985828965,1,1,1,18,22,0
1658214873,338762459,1,1,1,12,12,2
1658214719,323486248,1,1,1,10,5,1
1658214613,66491392,1,1,1,41,2,0
1658214532,478952881,1,1,1,21,1,2
1658214819,501318622,1,1,1,23,0,1
1658214857,38263504,1,1,1,1,12,9
1658214579,470807791,1,1,1,19,8,5
1658214781,82445192,1,1,1,34,1,2
1658214661,2515658032,1,1,1,18,0,1
1658214841,568135465,1,1,1,0,17,20
1657840010,570185777,1,0,0,0,0,0
1658214695,214102967,1,1,1,38,1,4
1658214873,54000597,1,1,1,21,0,1
1658214776,82417874,1,1,1,48,1,2
1658214790,102319838,1,1,1,14,1,0
1658214805,652192395,1,1,1,30,32,4
1658214865,571923059,1,1,1,40,2,3
1658214852,66491405,1,1,1,24,0,2
1658214810,54000635,1,1,1,14,11,6
1658214865,54000544,1,1,1,0,35,2
1658214685,1062179194,1,1,1,23,0,2
1658214783,1063017616,1,1,1,15,4,2
1658214776,378648513,1,1,1,30,3,2
1658214770,27278603,1,1,1,22,0,3
1658214723,13497763,1,1,1,22,0,1
1658214841,653042442,1,1,1,0,18,22
1658214612,49807107,1,1,1,16,0,1
1658214784,82450803,1,1,1,48,11,0
1658214810,210747224,1,1,1,5,31,13
1658214834,210568512,1,1,1,7,20,33
1658214866,213691542,1,1,1,29,15,8
1658214647,357409723,1,1,1,27,1,2
1658214856,2515855808,1,1,1,1,11,22
1658214830,384370499,1,1,1,22,1,2
1658214841,49403716,1,1,1,0,20,7
1658214794,54000571,1,1,1,50,1,1
1658214871,473204291,1,1,1,1,12,19
1658214808,27363103,1,1,1,28,4,0
1658214761,85145704,1,1,1,24,1,0
1658214827,653044270,1,1,1,14,3,0
1658214736,26958435,1,1,1,25,0,0
1658214837,6385,1,1,1,20,0,1
1658214761,213857398,1,1,1,9,1,4
1658214865,82550925,1,1,1,8,25,4
1658214765,27363096,1,1,1,32,1,0
1658214683,85165045,1,1,1,2,9,12
1658214800,129119449,1,1,1,19,0,0
1658214872,475524450,1,1,1,18,1,6
1658214832,653048150,1,1,1,17,18,5
1658214570,244400797,1,1,1,15,4,3
1658214812,213922790,1,1,1,48,1,1
1658214872,129001431,1,1,1,26,0,3
1658214873,210753033,1,1,1,6,7,1
1658214852,653203262,1,1,1,2,10,8
1658214632,406806401,1,1,1,25,2,1
1658214858,85143075,1,1,1,29,0,1
1658214736,1063035479,1,1,1,3,7,12
1658214832,54000595,1,1,1,36,0,0
1658214799,82571110,1,1,1,6,7,13
1658214864,54000582,1,1,1,25,1,1
1658214674,217235307,1,1,1,21,0,1
1658214652,210748575,1,1,1,40,10,1
1658214861,82421994,1,1,1,32,1,2
1658214856,214123470,1,1,1,11,11,2
1658214777,129086648,1,1,1,30,7,5
1658214711,217572769,1,1,1,11,8,9
1658214873,214298601,1,1,1,20,1,1
1658214701,129125489,1,1,1,17,2,2
1658214792,214122655,1,1,1,11,14,5
1658214847,15461933,1,1,1,10,6,1
1658214466,82458977,1,1,1,21,0,2
1658214736,129077035,1,1,1,43,7,1
1658214735,221047138,1,1,1,17,0,1
1658214682,15308782,1,1,1,4,30,0
1658214547,216473073,1,1,1,17,0,1
1658214753,37521,1,1,1,1,13,3
1642540077,35196898,1,0,0,27,0,0
1658214726,653046029,1,1,1,18,9,4
1658214720,2515976231,1,1,1,8,3,7
1658214842,129103849,1,1,1,20,0,0
1658214476,1057009034,1,1,1,25,1,0
1658214625,82334007,1,1,1,13,29,5
1658214761,214146056,1,1,1,22,3,2
1658214781,85008390,1,1,1,39,26,6
1658214713,216039437,1,1,1,9,3,13
1658214789,215495494,1,1,1,44,0,1
1658214864,43155320,1,1,1,37,8,2
1658214756,129130397,1,1,1,14,6,0
1658214722,653129412,1,1,1,23,1,5
1658214844,54000634,1,1,1,18,4,3
1658214865,419381597,1,1,1,28,12,9
1658214806,54000548,1,1,1,7,19,4
1658214801,54000466,1,1,1,4,14,11
1658214794,426772876,1,1,1,23,5,3
1658214543,74620630,1,1,1,26,0,0
1658214867,129091653,1,1,1,30,1,2
1658214818,100905057,1,1,1,16,1,6
1658214838,129134084,1,1,1,15,9,1
1658214767,210754072,1,1,1,23,9,2
1658214866,419991048,1,1,1,0,24,25
1658214862,2820744873,1,1,1,27,1,0
1658214709,213676825,1,1,1,0,31,18
1658214828,15299574,1,1,1,45,1,2
1658214755,41566122,1,1,1,40,10,2
1658214735,963786819,1,1,1,30,0,0
1658214719,427678168,1,1,1,42,1,2
1658214797,976762284,1,1,1,8,3,15
1658214872,213686196,1,1,1,15,2,1
1658214834,11004671601,1,1,1,19,4,2
1658214852,27414601,1,1,1,26,11,5
1658214841,129036192,1,1,1,11,2,0
1658214869,82421013,1,1,1,29,3,2
1658214858,434419150,1,1,1,0,21,15
1658214849,252339799,1,1,1,5,14,9
1658214317,224589573,1,1,1,16,2,0
1658214865,220502135,1,1,1,19,14,2
1658214694,129114993,1,1,1,26,6,0
1658214379,129124069,1,1,1,20,0,1
1658214831,221094844,1,1,1,0,15,6
1658214755,220726050,1,1,1,47,7,0
1658214806,254224239,1,1,1,56,7,0
1658214871,1805401614,1,1,1,1,18,8
1658214857,129116697,1,1,1,19,0,0
1658214871,977409509,1,1,1,33,2,3
1658214795,653055049,1,1,1,29,3,2
1658214867,221041655,1,1,1,53,1,2
1658214854,1057769632,1,1,1,6,11,9
1658214649,1333959209,1,1,1,16,0,2
1658214811,213690256,1,1,1,44,0,1
1658214840,476183970,1,1,1,37,0,1
1658214659,632007124,1,1,1,23,1,12
1658214816,977206088,1,1,1,12,14,4
1658214835,213868408,1,1,1,7,12,10
1658214872,129061615,1,1,1,0,20,12
1658214856,43165673,1,1,1,31,2,3
1658214871,82381710,1,1,1,13,0,1
1658214551,224598098,1,1,1,28,20,1
1658214792,10968855,1,1,1,17,0,1
1658214865,82508970,1,1,1,11,9,5
1658214278,653055097,1,1,1,22,0,0
1658214324,221038698,1,1,1,19,3,4
1658214705,27246227,1,1,1,23,0,0
1658214853,63297,1,1,1,16,5,0
1658214792,95927849,1,1,1,23,1,0
1658214777,102341385,1,1,1,11,3,9
1658214868,54000605,1,1,1,38,1,0
1658214674,979059925,1,1,1,26,0,2
1658214576,6512,1,1,1,15,0,0
1658214557,27363323,1,1,1,0,12,20
1658214861,85118872,1,1,1,35,1,1
1658214818,102289046,1,1,1,20,0,1
1658214465,124402232,1,1,1,40,0,0
1658214842,985086307,1,1,1,19,1,2
1658214828,27415327,1,1,1,25,1,0
1658214866,100798076,1,1,1,10,7,3
1658214845,15298647,1,1,1,35,1,0
1658214421,1063404053,1,1,1,17,1,2
1613034881,76199110,1,0,0,0,0,0
1658214851,54000598,1,1,1,22,2,1
1658214731,2515829865,1,1,1,9,6,6
1658214342,989753852,1,1,1,19,0,1
1658214851,990000217,1,1,1,2,8,5
1658214799,121025345,1,1,1,12,0,1
1658214768,213692714,1,1,1,22,0,1
1658214790,82577019,1,1,1,20,5,5
1658214591,39256416,1,1,1,43,4,0
1658214586,255207155,1,1,1,19,1,0
1658214838,63769334,1,1,1,36,0,2
1658214746,129136818,1,1,1,18,1,3
1658214759,37936869,1,0,0,35,0,0
1658214756,27415469,1,1,1,22,1,0
1658214869,39599631,1,1,1,8,6,9
1658214832,84979504,1,1,1,5,16,4
1658214595,85120104,1,1,1,15,0,0
1658214763,653059015,1,1,1,29,0,1
1658214869,101748685,1,1,1,31,10,1
1658214872,54000608,1,1,1,37,8,7
1658214351,653080986,1,1,1,7,0,0
1658214491,102743096,1,1,1,20,1,5
1658214838,66491394,1,1,1,39,0,3
1658214778,126175087,1,1,1,21,1,1
1658214626,101746493,1,1,1,44,4,4
1658214817,27363137,1,1,1,12,8,2
1658214806,339797666,1,1,1,13,3,8
1658214786,1968156458,1,1,1,7,25,2
1658214798,82404497,1,1,1,30,1,2
1658214695,991351798,1,1,1,17,3,3
1658214791,7304,1,1,1,1,3,10
1658214857,54000592,1,1,1,9,25,1
1658214647,54000572,1,1,1,10,9,1
1658214827,15409531,1,1,1,5,5,6
1658214807,29327,1,1,1,4,7,10
1658214728,36298,1,1,1,11,1,2
1658214543,37903195,1,1,1,21,1,4
1658214817,102313219,1,1,1,31,1,2
1658214872,100906707,1,1,1,28,12,0
1658214647,624177860,1,1,1,43,4,2
1658214703,66491407,1,1,1,20,0,1
1658214873,27369223,1,1,1,11,3,1
1658214858,102336814,1,1,1,0,13,3
1658214873,484423835,1,1,1,15,3,7
1658214585,54000618,1,1,1,16,1,1
1658214801,653059879,1,1,1,19,7,13
1658214842,210583589,1,1,1,24,2,4
1658214714,653050378,1,1,1,11,17,4
1658214406,15291968,1,1,1,14,0,0
1658214476,126354477,1,1,1,18,0,0
1658214835,15387809,1,1,1,57,5,0
1658214791,1002059045,1,1,1,3,16,7
1658214701,1002738770,1,1,1,10,11,5
1658214816,100918666,1,1,1,18,1,2
1658214694,213987795,1,1,1,0,21,18
1658214872,15397468,1,1,1,2,41,3
1658214872,129101773,1,1,1,38,0,4
1658214782,84966359,1,1,1,24,0,1
1658214817,42908639,1,1,1,28,0,0
1658214759,125469898,1,1,1,30,1,2
1658214804,35137730,1,1,1,25,23,2
1658214726,52329,1,1,1,34,1,2
1658214735,42499285,1,1,1,26,9,7
1658214755,85162552,1,1,1,21,16,6
1655504532,88235134,1,0,0,1,0,1
1658214858,2515738489,1,1,1,19,1,0
1658214717,256561528,1,1,1,13,25,3
1658214693,452920451,1,1,1,20,0,3
1658214851,37920,1,1,1,30,2,1
1658214865,54000588,1,1,1,59,1,6
1658214593,1020700136,1,1,1,13,5,1
1658214817,100855693,1,1,1,21,4,0
1658214626,54000549,1,1,1,4,6,4
1658214873,54000586,1,1,1,30,0,2
1658214758,102304517,1,1,1,42,2,1
1658214739,128889359,1,1,1,37,2,0
1658214831,54000546,1,1,1,28,2,2
1658214854,129042700,1,1,1,54,2,3
1658214835,101761298,1,1,1,2,23,19
1658214861,912377361,1,1,1,34,7,0
1658214848,256124192,1,1,1,39,0,1
1658214870,27364581,1,1,1,16,6,3
1658214869,653127524,1,1,1,17,6,7
1658214352,2515686699,1,1,1,24,0,1
1658214769,210737808,1,1,1,21,0,2
1658214868,259977414,1,1,1,11,7,2
1658214863,82568336,1,1,1,21,1,3
1658214780,1021176825,1,1,1,13,5,3
1658214278,54000611,1,1,1,23,1,1
1658214428,66491408,1,1,1,30,0,1
1658214865,100872260,1,1,1,33,4,2
1658214651,36151,1,1,1,1,8,7
1658214868,213848056,1,1,1,3,48,3
1658214837,452936197,1,1,1,28,24,5
1658214613,54000545,1,1,1,45,18,0
1658214722,66505511,1,1,1,0,18,10
1658214826,224256188,1,1,1,28,0,0
1658214820,66491386,1,1,1,30,22,3
1658214828,1023083417,1,1,1,15,2,2
1658214853,54000539,1,1,1,31,1,2
1658214652,1025995767,1,1,1,2,11,7
1658214854,101490103,1,1,1,17,4,2
1658214768,82432573,1,1,1,23,13,12
1658214748,1021553839,1,1,1,34,1,0
1658214842,54000541,1,1,1,26,2,1
1658214587,653065577,1,1,1,28,1,0
1658214838,1034242363,1,1,1,28,2,4
1658214849,335780498,1,1,1,18,9,5
1658214761,256403519,1,1,1,19,1,1
1658214681,484387018,1,1,1,25,1,2
1658214827,544249939,1,1,1,44,4,1
1658214851,1035816937,1,1,1,23,4,0
1658214848,66507229,1,1,1,16,5,4
1658214850,27415012,1,1,1,28,28,10
1658214839,263610599,1,1,1,43,0,1
1658214547,49772483,1,1,1,18,0,0
1658214748,653066427,1,1,1,16,6,4
1658214377,129089749,1,1,1,31,0,0
1658214578,100770878,1,1,1,15,5,2
1658214832,27415297,1,1,1,44,0,3
1658214753,54000607,1,1,1,14,5,0
1658214868,13283986,1,1,1,27,4,2
1658214629,100910836,1,1,1,40,3,1
1658214850,6515,1,1,1,13,11,5
1658214739,41523981,1,1,1,25,7,0
1658214709,1034247348,1,1,1,32,1,0
1658214841,39536951,1,1,1,18,13,1
1658214860,35089539,1,1,1,21,0,1
1658214769,27415169,1,1,1,15,6,1
1658214858,15412563,1,1,1,7,11,4
1658214539,30179848,1,1,1,26,0,1
1658214802,27363029,1,1,1,29,2,1
1658214761,484889494,1,1,1,12,9,3
1658214867,27363256,1,1,1,5,8,10
1658214797,100902274,1,1,1,0,13,23
1658214562,15414455,1,1,1,31,2,1
1658214787,27415285,1,1,1,11,8,4
1658214851,78348185,1,1,1,42,6,2
1658214745,36003,1,1,1,20,2,0
1658214631,27415215,1,1,1,23,0,2
1658214861,263732151,1,1,1,27,5,1
1658214570,1036199130,1,1,1,2,8,11
1658214863,129161858,1,1,1,17,11,4
1658214835,653035822,1,1,1,9,8,10
1658214630,27414460,1,1,1,0,17,16
1658214802,76488849,1,1,1,2,27,7
1658214793,66505513,1,1,1,9,9,10
1658214791,129050965,1,1,1,9,6,2
1658214533,66491368,1,1,1,43,4,1
1658214870,82419429,1,1,1,23,12,5
1658214873,349750111,1,1,1,23,4,2
1658214748,52453,1,1,1,25,0,0
1658214582,210389577,1,1,1,1,11,5
1658214810,15401095,1,1,1,33,10,1
1658214857,1055553396,1,1,1,7,6,0
1658214814,210394523,1,1,1,25,7,1
1658214718,1036226943,1,1,1,16,2,13
1658214873,1056959071,1,1,1,16,22,1
1658214793,60667075,1,1,1,3,5,14
1658214785,66491371,1,1,1,14,13,2
1658214798,486833337,1,1,1,13,11,9
1658214784,1055541632,1,1,1,19,18,2
1658214873,75313725,1,1,1,21,7,2
1658214871,606669250,1,1,1,26,8,3
1658214620,653069115,1,1,1,31,0,3
1658214854,15383032,1,1,1,0,26,13
1658214772,54000561,1,1,1,24,3,1
1658214792,54001190,1,1,1,25,1,1
1658214848,460558111,1,1,1,15,1,1
1658214782,82569809,1,1,1,20,2,0
1658214719,11851037297,1,1,1,29,0,3
1658214555,266052390,1,1,1,26,0,1
1658214716,37952191,1,1,1,27,3,1
1658214755,34300292,1,1,1,2,15,7
1658214805,82554786,1,1,1,27,0,3
1658214451,268976295,1,1,1,31,0,0
1658214706,27415444,1,1,1,27,0,2
1658214817,84983562,1,1,1,46,1,3
1658214514,129081441,1,1,1,16,3,2
1658214848,653073004,1,1,1,12,27,8
1658214761,1056986761,1,1,1,10,32,11
1658214744,41610121,1,1,1,2,21,3
1658214871,82566934,1,1,1,52,1,0
1658214870,128936618,1,1,1,1,23,12
1658214848,35106544,1,1,1,52,1,1
1658214770,267976590,1,1,1,21,28,15
1658214492,1056965116,1,1,1,46,1,3
1658214673,54000630,1,1,1,19,5,1
1658214768,54000567,1,1,1,26,4,3
1658214855,1599921040,1,1,1,29,0,1
1658214368,129096696,1,1,1,13,0,0
1658214862,82590367,1,1,1,12,36,7
1658214853,82573931,1,1,1,24,6,7
1658214819,82436057,1,1,1,16,4,2
1658214699,43219958,1,1,1,36,1,2
1658214864,269953055,1,1,1,0,20,8
1658214850,82448637,1,1,1,41,3,2
1658214811,271540743,1,1,1,17,5,3
1658214866,452347778,1,1,1,17,1,2
1658214872,13372702,1,1,1,29,1,3
1658214792,1599931563,1,1,1,21,6,2
1658214856,15411223,1,1,1,21,2,1
1658214870,85152599,1,1,1,38,5,3
1658214459,284711589,1,1,1,16,1,1
1658214728,30550,1,1,1,2,17,5
1658214408,478593396,1,1,1,10,1,6
1658214849,213675430,1,1,1,4,39,5
1658214829,462875227,1,1,1,2,5,16
1658214534,213693126,1,1,1,21,0,1
1658214567,363735875,1,1,1,3,9,3
1658214871,265266148,1,1,1,11,5,6
1658214862,357491025,1,1,1,20,1,1
1658214760,457713145,1,1,1,32,1,9
1658214780,392576677,1,1,1,6,7,9
1658214872,66491406,1,1,1,43,1,3
1658214864,338853596,1,1,1,0,14,12
1658214622,1056995858,1,1,1,23,3,2
1658214868,27414924,1,1,1,19,1,1
1658214872,390075668,1,1,1,7,27,3
1658214806,54000550,1,1,1,0,23,5
1658214624,1056972307,1,1,1,42,3,4
1658214730,653217067,1,1,1,15,1,2
1658214343,1109534105,1,1,1,20,0,0
1658214739,124390478,1,1,1,13,4,0
1658214747,365181481,1,1,1,50,1,1
1658214860,653076373,1,1,1,28,7,0
1653895841,11851327865,0,0,0,30,0,0
1658214479,52456,1,1,1,28,0,0
1658214615,15310509,1,1,1,16,1,0
1658214621,275968458,1,1,1,54,3,1
1658214750,213995665,1,1,1,24,3,1
1658214828,1056979685,1,1,1,22,1,2
1658214714,128928526,1,1,1,13,0,2
1658214861,27415123,1,1,1,16,11,0
1658214794,287096529,1,1,1,3,21,18
1658214726,97705710,1,1,1,32,3,4
1658214849,13242682,1,1,1,22,9,0
1658214765,278576043,1,1,1,14,0,3
1658214706,213695073,1,1,1,33,0,0
1658214808,284708999,1,1,1,17,13,7
1658214764,653079520,1,1,1,10,3,5
1658136341,653076393,1,1,1,8,13,13
1658214718,129069108,1,1,1,38,1,0
1597371137,213936755,1,0,0,49,0,0
1658214845,30641281,1,1,1,14,7,0
1658214798,54000593,1,1,1,16,11,13
1658214753,27362949,1,1,1,30,0,1
1658214870,1057003116,1,1,1,21,9,0
1658214866,285726279,1,1,1,24,0,0
1652035916,41587607,1,0,0,30,0,0
1658214683,285454061,1,1,1,15,0,0
1658214765,213686471,1,1,1,23,0,1
1658214831,7261,1,1,1,2,10,7
1658214850,291354793,1,1,1,0,40,8
1658214718,213685863,1,1,1,0,37,14
1658214870,653062048,1,1,1,23,1,0
1658214796,1062812659,1,1,1,38,18,1
1658214827,653079135,1,1,1,8,1,5
1658214823,38319086,1,1,1,34,0,1
1658214801,653129435,1,1,1,9,3,4
1658214775,221032834,1,1,1,42,5,1
1658214714,124622630,1,1,1,34,2,0
1658214869,594942659,1,1,1,18,1,0
1658214806,96512532,1,1,1,3,11,4
1658214810,362178041,1,1,1,2,17,9
1658214868,100783424,1,1,1,15,45,4
1658214810,27415524,1,1,1,11,6,6
1658214866,422639331,1,1,1,11,9,9
1658214379,1057061349,1,1,1,29,0,0
1658214825,292871105,1,1,1,21,0,0
1658214394,38280,1,1,1,12,1,4
1658214864,653125838,1,1,1,4,15,9
1658214861,476053320,1,1,1,25,1,0
1658214825,129121741,1,1,1,48,0,0
1658214861,404947652,1,1,1,12,17,2
1658214859,129142199,1,1,1,24,2,3
1658214804,210584503,1,1,1,11,1,0
1658214804,42541542,1,1,1,30,2,1
1658214651,27363558,1,1,1,25,1,1
1658214792,214109662,1,1,1,18,0,2
1658214802,653122771,1,1,1,4,18,1
1658214844,35147530,1,1,1,20,2,1
1658214826,1057081237,1,1,1,20,0,3
1658214854,101756482,1,1,1,41,4,1
1658214845,1057179405,1,1,1,26,0,2
1658214795,653135400,1,1,1,2,14,9
1658214699,213689228,1,1,1,28,7,7
1658214852,409364001,1,1,1,13,3,2
1658214805,129079313,1,1,1,33,7,2
1658214787,129135654,1,1,1,7,16,3
1658214839,653080383,1,1,1,0,36,11
1658214785,1057039016,1,1,1,14,2,4
1658214843,1057045129,1,1,1,19,17,3
1658214847,1190800638,1,1,1,2,14,6
1658214611,302725495,1,1,1,51,0,0
1658214711,303102719,1,1,1,10,0,1
1658214872,27363277,1,1,1,31,4,3
1658214864,6295,1,1,1,13,6,1
1658214845,303452950,1,1,1,17,3,14
1658214694,54000617,1,1,1,17,1,2
1526880629,213691137,1,0,0,30,0,0
1658214828,653131074,1,1,1,13,2,10
1658214824,308082350,1,1,1,1,9,5
1658214790,653126035,1,1,1,3,7,10
1658214679,36473,1,0,0,12,1,0
1658214647,210745258,1,1,1,43,1,2
1658214569,37921892,1,1,1,20,2,2
1658214773,457834134,1,1,1,24,1,2
1658214816,653123610,1,1,1,26,4,3
1658214855,35101194,1,1,1,10,17,2
1658214851,54000615,1,1,1,30,0,0
1658214479,135806005,1,1,1,16,0,1
1658214729,66491395,1,1,1,27,8,1
1658214602,653135378,1,1,1,36,0,0
1658214805,54000562,1,1,1,26,1,3
1658214798,402212574,1,1,1,13,6,9
1658214724,1057184567,1,1,1,33,0,0
1658214521,1057319366,1,1,1,2,15,9
1658214847,34235349,1,1,1,15,6,7
1658214804,210751059,1,1,1,13,2,1
1658214803,1057203651,1,1,1,8,16,18
1658214569,453172172,1,1,1,7,0,6
1658214602,478385490,1,1,1,23,4,2
1658214499,102326776,1,1,1,22,1,0
1658214770,213706622,1,1,1,20,0,1
1658214597,213686749,1,1,1,32,0,4
1658214798,1057302263,1,1,1,6,9,3
1658214788,82572699,1,1,1,26,0,0
1658214604,311552027,1,1,1,41,2,0
1658214776,27269170,1,1,1,15,4,1
1658214775,82550543,1,1,1,22,26,3
1658214742,82375611,1,1,1,44,0,0
1658214780,443402852,1,1,1,46,1,1
1658214848,1062162270,1,1,1,2,9,8
1658214862,38192,1,1,1,24,9,1
1658214859,84958519,1,1,1,13,9,9
1658214792,559980654,1,1,1,0,14,9
1658214829,213952930,1,0,0,30,0,0
1658214767,458086607,1,1,1,1,14,12
1658214848,7247,1,1,1,21,1,0
1658214408,653081846,1,1,1,30,0,0
1658214823,213689815,1,1,1,24,7,4
1658214811,443198808,1,1,1,26,5,4
1658214868,620676855,1,1,1,6,11,5
1658214776,98187918,1,1,1,39,16,1
1658214361,13191324,1,1,1,33,0,0
1658214760,210738704,1,1,1,20,3,1
1658214794,102745622,1,1,1,0,24,4
1658214865,213999554,1,1,1,17,2,1
1658214618,213677219,1,1,1,7,12,1
1658214752,6294,1,1,1,1,17,3
1658214709,85155919,1,1,1,29,1,1
1658214842,1062238429,1,1,1,5,11,1
1658214606,369011098,1,1,1,18,0,3
1658214864,102343591,1,1,1,10,7,14
1658214868,27415150,1,1,1,21,0,0
1658214520,82565383,1,1,1,44,0,1
1658214870,653134004,1,1,1,18,3,4
1658214870,27415246,1,1,1,9,30,2
1658214731,389788858,1,1,1,58,13,1
1658214744,1056947780,1,1,1,30,0,0
1658214864,38327,1,1,1,34,1,5
1658214862,100925033,1,1,1,12,28,5
1658214831,109609241,1,1,1,5,26,1
1658214719,101491821,1,1,1,33,4,1
1658214793,82562496,1,1,1,14,5,0
1658214706,235197110,1,1,1,16,26,4
1658214857,417088374,1,1,1,3,29,6
1658214824,129145892,1,1,1,41,1,4
1658214770,439750210,1,1,1,21,0,3
1658214833,82584215,1,1,1,2,38,20
1658214843,42720305,1,1,1,31,6,1
1658214400,653205656,1,1,1,12,7,7
1658214448,653147618,1,1,1,24,1,1
1658214759,335989765,1,1,1,31,13,4
1658214671,417623119,1,1,1,19,0,1
1658214860,54000632,1,1,1,9,15,9
1658214852,428088564,1,1,1,22,1,1
1658214841,365886904,1,1,1,33,2,1
1658214697,85015750,1,1,1,32,3,3
1658214754,27064639,1,1,1,19,1,1
1658214805,102722579,1,1,1,4,15,7
1658214818,653083263,1,1,1,0,26,13
1658214854,39151458,1,1,1,15,1,2
1658214784,213682190,1,1,1,38,3,2
1658214751,468354634,1,1,1,28,1,1
1658214869,379063990,1,1,1,19,0,2
1658214502,221036108,1,1,1,42,1,3
1658214865,213692227,1,1,1,35,0,1
1658214849,75641607,1,1,1,24,0,5
1658214607,653137566,1,1,1,32,0,1
1658214726,213674686,1,1,1,32,2,2
1658214690,38522,1,1,1,20,1,0
1658214779,488889101,1,1,1,21,3,6
1658214855,653083675,1,1,1,14,0,6
1658214613,266422568,1,1,1,19,2,2
1658214870,488872892,1,1,1,37,3,1
1658214856,488800137,1,1,1,5,8,13
1658214843,1057730786,1,1,1,1,15,3
1658214862,131094294,1,1,1,13,13,3
1658214862,129016495,1,1,1,5,33,14
1658214841,1057335613,1,1,1,0,14,16
1658214776,491687415,1,1,1,10,9,3
1658214309,39202840,1,1,1,15,1,0
1658214764,653141822,1,1,1,4,9,7
1658214836,488980540,1,1,1,32,1,1
1658214715,54000599,1,1,1,23,0,1
1658214826,1057221951,1,1,1,4,19,3
1658214820,653137567,1,1,1,6,15,1
1658214544,54000600,1,1,1,32,0,1
1658214863,82455731,1,1,1,51,10,0
1658214769,15212034,1,1,1,16,1,2
1658214727,494183852,1,1,1,36,2,0
1658214830,1057399900,1,1,1,16,4,4
1658214794,559595472,1,1,1,3,13,6
1658214850,210395439,1,1,1,22,1,3
1658214840,491932748,1,1,1,39,0,0
1658214790,1057329581,1,1,1,2,12,9
1658214688,1057378487,1,1,1,14,3,3
1658214695,1057737444,1,1,1,40,8,3
1658214864,82336035,1,1,1,15,1,1
1658214755,1314450240,1,1,1,2,11,2
1658214359,2515636592,1,1,1,14,3,1
1658214731,255322397,1,1,1,20,5,1
1658214816,653139063,1,1,1,29,19,3
1658214854,1057091571,1,1,1,0,16,10
1658214800,210582231,1,1,1,12,13,0
1658214866,653087180,1,1,1,27,0,3
1656114400,583171360,1,0,0,30,0,0
1658214850,312870435,1,1,1,9,0,0
1658214791,1057354004,1,1,1,1,23,2
1658214524,129106450,1,1,1,34,0,0
1658214821,1057405802,1,1,1,21,1,7
1658214857,27414544,1,1,1,19,0,2
1658214868,213894629,1,1,1,39,3,2
1658214669,100923502,1,1,1,9,6,2
1658214764,129059516,1,1,1,43,1,0
1658214796,1227051850,1,1,1,26,13,0
1658214663,1057748427,1,1,1,35,5,3
1658214856,285001735,1,1,1,6,16,17
1658214843,54000560,1,1,1,16,1,1
1658214851,1062742831,1,1,1,35,2,0
1658214775,101017160,1,1,1,24,6,1
1658214815,100933541,1,1,1,22,4,1
1658214861,36391,1,1,1,0,4,16
1658214765,100934967,1,1,1,31,2,0
1658214864,437741660,1,1,1,30,8,4
1658214841,1062783107,1,1,1,21,9,0
1658214748,15309045,1,1,1,15,0,0
1658214732,653086121,1,1,1,27,0,5
1658214747,653139897,1,1,1,15,0,11
1658214837,476155906,1,1,1,13,9,2
1658214854,101011685,1,1,1,19,3,1
1658214739,27415547,1,1,1,21,2,1
1658214769,54000543,1,1,1,7,16,6
1613934558,1015246367,1,0,0,25,0,0
1658214856,284787594,1,1,1,25,12,1
1658214869,1057765913,1,1,1,28,8,1
1658214647,1062704564,1,1,1,32,3,2
1658214823,221043930,1,1,1,34,0,2
1658214818,1057234527,1,1,1,13,14,13
1658214787,49498164,1,1,1,0,4,10
1658214575,76121343,1,1,1,12,0,0
1658214859,1057072168,1,1,1,20,2,1
1658214850,1062685145,1,1,1,6,8,3
1658214828,1056715831,1,1,1,16,2,3
1658214792,101742129,1,1,1,35,3,0
1658214459,1057360420,1,1,1,25,0,0
1658214810,49117995,1,1,1,13,0,3
1658214781,214119792,1,1,1,3,15,2
1658214722,1057366813,1,1,1,20,6,6
1658214846,37504995,1,1,1,7,21,4
1658214805,131908132,1,1,1,18,0,0
1658214869,27363337,1,1,1,16,10,4
1658214797,125811629,1,1,1,23,15,6
1658214833,102307005,1,1,1,19,0,4
1658214829,1057753858,1,1,1,13,19,1
1658214836,452341449,1,1,1,22,1,2
1658214859,54000590,1,1,1,37,9,0
1658214873,6298,1,1,1,21,0,0
1658214859,27359295,1,1,1,5,12,12
1658214838,54000587,1,1,1,26,0,4
1658214809,81212212,1,1,1,19,1,2
1658214388,653087914,1,1,1,23,2,2
1658214771,41219552,1,1,1,17,4,2
1658214837,101738550,1,1,1,20,0,0
1658214872,54000622,1,1,1,26,2,0
1658214756,82339935,1,1,1,27,3,5
1658214835,27414713,1,1,1,19,5,3
1658214867,54000564,1,1,1,9,14,5
1658214720,13912564,1,1,1,6,13,5
1658214685,42907187,1,1,1,22,2,1
1658214804,58311330,1,1,1,23,0,0
1658214809,100967498,1,1,1,33,9,5
1658214857,39149651,1,1,1,16,26,7
1658214320,43247025,1,1,1,16,0,0
1658214776,70903158,1,1,1,14,9,1
1658214855,37879071,1,1,1,31,1,1
1658214868,41464928,1,1,1,58,2,1
1658214689,54000619,1,1,1,32,1,0
1658214523,38060,1,1,1,22,12,8
1658214796,101008598,1,1,1,39,1,1
1658214854,82332239,1,1,1,22,12,2
1658214871,75525462,1,1,1,38,4,2
1658214708,15462861,1,1,1,22,5,4
1658214703,95845524,1,1,1,17,0,0
1658214793,38407,1,1,1,33,2,4
1658214776,82554449,1,1,1,49,10,1
1658214796,39535340,1,1,1,3,26,1
1658214768,1062797394,1,1,1,0,21,3
1658214597,54000570,1,1,1,35,0,1
1658214470,1062256852,1,1,1,12,4,4
1658214783,1057373549,1,1,1,8,9,5
1658214853,653089942,1,1,1,8,9,4
1658214871,128841079,1,1,1,3,23,11
1658214871,220504949,1,1,1,21,7,3
1658214870,15308712,1,1,1,22,0,0
1658214857,7295,1,1,1,14,0,1
1658214853,27296946,1,1,1,1,8,18
1658214695,653143563,1,1,1,29,1,0
1658214850,443153677,1,1,1,29,3,4
1658214828,265201872,1,1,1,43,6,3
1658214831,66505510,1,1,1,55,6,2
1658214852,66491391,1,1,1,29,2,1
1658214559,1062245074,1,1,1,6,16,3
1658214815,201923447,1,1,1,20,11,6
1658214799,9931940126,1,1,1,29,8,1
1658214777,1057758764,1,1,1,31,2,3
1658214708,653144717,1,1,1,15,4,2
1658214531,42275164,1,1,1,35,0,1
1658214836,125623876,1,1,1,16,1,2
1658214798,85031184,1,1,1,48,2,1
1658214840,97824043,1,1,1,5,12,3
1658214733,66491379,1,1,1,12,0,0
1658214549,39169029,1,1,1,23,0,0
1658214737,35600927,1,1,1,33,1,1
1658214794,100868590,1,1,1,1,20,3
1658214653,54000616,1,1,1,28,1,1
1658214655,27364642,1,1,1,25,1,1
1658214847,66491381,1,1,1,30,1,0
1658214666,49094984,1,1,1,35,0,0
1658214822,77773,1,1,1,26,0,1
1658214697,15463487,1,1,1,22,1,3
1658214428,52518,1,1,1,21,0,1
1658214864,1062874070,1,1,1,34,4,1
1658214706,82574198,1,1,1,18,14,8
1658214871,30730,1,1,1,26,4,4
1658214860,27415389,1,1,1,29,0,0
1658163137,1062802530,1,1,1,7,6,2
1658214826,653091206,1,1,1,23,13,2
1658214743,653042678,1,1,1,23,1,1
1658214872,75345531,1,1,1,9,5,1
1658214814,66505516,1,1,1,20,22,2
1658214847,49341735,1,1,1,34,2,3
1658214822,15309674,1,1,1,17,2,2
1658214872,66491367,1,1,1,8,3,3
1658214822,129023855,1,1,1,22,0,2
1658214870,54000554,1,1,1,25,5,1
1658214872,27414902,1,1,1,18,0,2
1658214753,2515672078,1,1,1,21,1,0
1658214848,35317080,1,1,1,16,0,3
1658214789,27415179,1,1,1,21,0,1
1658214846,653146273,1,1,1,5,15,1
1658214537,1062882947,1,1,1,20,1,0
1658214834,653091677,1,1,1,8,8,7
1658214689,35472299,1,1,1,9,3,0
1658214739,1805255023,1,1,1,4,14,12
1658214769,66489651,1,1,1,1,20,11
1658214719,1057207064,1,1,1,6,3,15
1658214692,39626277,1,1,1,3,9,3
1658214853,213687475,1,1,1,10,3,8
1658214450,1062982815,1,1,1,16,1,2
1658214862,128890772,1,1,1,19,5,1
1658214840,266963426,1,1,1,45,2,3
1658214855,7268,1,1,1,27,0,2
1658214419,1237624420,1,1,1,30,0,0
1658214867,129152818,1,1,1,14,1,5
1658214856,27313492,1,1,1,4,14,10
1658214727,338824395,1,1,1,9,6,1
1658214753,128932790,1,1,1,17,5,7
1658214873,100760396,1,1,1,22,5,2
1658214741,210585225,1,1,1,19,1,0
1658214828,82396562,1,1,1,14,2,3
1658214873,312165511,1,1,1,28,4,1
1658214803,262607058,1,1,1,10,9,14
1658157404,1074095810,1,1,1,21,0,1
1658214770,128880156,1,1,1,15,6,3
1658214840,27415411,1,1,1,19,4,0
1658214864,210387163,1,1,1,26,3,1
1658214783,653150828,1,1,1,9,6,3
1658214849,443654970,1,1,1,32,4,0
1658214846,1063971944,1,1,1,28,1,0
1658214824,15153595,1,1,1,28,3,1
1658214767,54000465,1,1,1,19,5,3
1658214780,471094898,1,1,1,22,1,0
1658214315,66499894,1,1,1,27,3,0
1658214693,100759356,1,1,1,7,6,3
1658214763,1062911162,1,1,1,28,0,0
1658214848,42341698,1,1,1,2,27,13
1658214605,653187900,1,1,1,35,1,2
1658214738,128874528,1,1,1,4,8,5
1658214854,1062827573,1,1,1,27,1,1
1658214538,54000542,1,1,1,22,4,2
1658214637,1074187051,1,1,1,20,5,1
1658214865,331153695,1,1,1,15,7,2
1658214573,1074142878,1,1,1,10,2,8
1658214736,11874261013,1,1,1,1,10,6
1658214871,213680246,1,1,1,34,0,1
1658214869,1064000778,1,1,1,15,32,7
1658214399,1074060095,1,1,1,27,1,0
1658214817,1057290902,1,1,1,40,1,2
1658214839,80419347,1,1,1,4,15,7
1658214810,1063000561,1,1,1,18,0,1
1658214804,213680553,1,1,1,51,1,0
1658214856,1063012692,1,1,1,7,4,8
1658214842,54000538,1,1,1,18,9,2
1658214676,82499609,1,1,1,14,20,2
1658214714,1064008882,1,1,1,17,0,2
1658214855,653152142,1,1,1,14,5,0
1658214855,129029327,1,1,1,1,10,8
1658214580,1063429705,1,1,1,16,3,4
1658214821,478250062,1,1,1,1,10,13
1658214741,1062833975,1,1,1,33,0,1
1658214796,11908510683,1,1,1,6,15,4
1658214619,2515756572,1,1,1,28,2,3
1658214717,1063410400,1,1,1,11,1,10
1658214832,80298493,1,1,1,11,8,6
1658214807,98132679,1,1,1,46,2,1
1658214840,96608796,1,1,1,24,1,1
1658214858,58391194,1,1,1,22,3,2
1658214742,1396728955,1,1,1,23,0,0
1658214821,128878135,1,1,1,22,4,0
1658089182,48800374,1,0,0,7,4,3
1658214873,1063044618,1,1,1,8,19,1
1658214817,1063421211,1,1,1,32,5,2
1658214810,569583918,1,1,1,3,19,22
1658214832,129083553,1,1,1,19,9,3
1658214841,1074204954,1,1,1,1,21,5
1658214724,100767550,1,1,1,34,7,2
1658214556,1074333296,1,1,1,32,9,0
1658214590,11908496227,1,1,1,18,4,2
1658214844,54000537,1,1,1,9,6,1
1658214841,653094517,1,1,1,36,1,3
1658214756,1063984816,1,1,1,18,0,0
1658214790,442739463,1,1,1,8,3,7
1658214823,380891087,1,1,1,24,6,3
1658214872,49423507,1,1,1,2,36,14
1658214746,128834707,1,1,1,8,10,3
1658214621,78374110,1,1,1,5,10,0
1658214821,653097126,1,1,1,24,2,0
1658214645,391845823,1,1,1,21,1,3
1658214562,15433394,1,1,1,38,2,0
1658214614,653140345,1,1,1,18,0,6
1658214787,15290700,1,1,1,17,0,4
1658214864,276989966,1,1,1,4,8,6
1658214863,2515885093,1,1,1,0,13,17
1658214872,54001189,1,1,1,1,10,16
1658214332,653153519,1,1,1,2,6,12
1658214703,39887632,1,1,1,17,4,3
1658214861,581480367,1,1,1,61,5,1
1658214843,6293,1,1,1,3,11,14
1658214756,653072212,1,1,1,9,12,8
1658214797,128843085,1,1,1,9,14,5
1658214868,1063027377,1,1,1,20,1,4
1658214869,653085678,1,1,1,15,7,1
1658214640,6352,1,1,1,5,8,4
1658214840,120564786,1,1,1,6,23,29
1658214837,210386007,1,1,1,0,8,13
1658214868,6245,1,1,1,1,13,13
1658214870,1063053136,1,1,1,10,5,5
1658214859,27414358,1,1,1,2,4,11
1658214842,101751231,1,1,1,35,1,0
1658214365,1074339090,1,1,1,19,3,4
1658214843,1062844489,1,1,1,21,9,2
1658214511,54000596,1,1,1,33,0,1
1658214853,39169877,1,1,1,61,4,1
1658214772,653155159,1,1,1,9,3,9
1658214471,653099465,1,1,1,15,6,9
1658214770,323468705,1,1,1,5,13,4
1658214814,1810975577,1,1,1,16,6,7
1658214847,2705356759,1,1,1,9,7,11
1658214761,35380305,1,1,1,33,1,1
1658214835,100790494,1,1,1,22,0,1
1658214863,653040243,1,1,1,6,15,5
1658214775,1063061372,1,1,1,28,2,4
1658214811,2705290225,1,1,1,21,9,0
1658214791,214019379,1,1,1,13,9,4
1658214833,82574979,1,1,1,18,6,2
1658214632,1599896463,1,1,1,20,1,1
1658214818,1987547083,1,1,1,10,1,19
1658214485,2705338817,1,1,1,14,7,1
1658214672,1074410417,1,1,1,21,3,3
1658214863,1074352578,1,1,1,23,0,2
1658214657,53999465,1,1,1,28,23,16
1658214783,653156540,1,1,1,28,1,6
1658214851,54000573,1,1,1,27,6,3
1658214725,210328645,1,0,0,19,0,0
1658214860,99886640,1,1,1,8,11,5
1658214638,129080400,1,1,1,20,2,1
1658214849,1981490798,1,1,1,12,10,1
1658214866,66491366,1,1,1,0,22,15
1658214591,6297,1,1,1,14,1,2
1658087321,653031913,1,0,0,19,0,0
1658214682,1074428106,1,1,1,13,11,5
1658214672,653102462,1,1,1,3,33,6
1658214695,1057210479,1,1,1,4,6,4
1658214703,27414527,1,1,1,0,11,7
1658214790,653092274,1,1,1,26,2,4
1658214745,208603342,1,1,1,1,11,8
1658214745,311153993,1,1,1,15,12,5
1658214781,632086890,1,1,1,2,16,7
1658214599,653104215,1,1,1,32,0,2
1658214317,54000557,1,1,1,20,0,0
1658214800,653110858,1,1,1,10,9,4
1658214866,653159330,1,1,1,19,7,2
1658214873,49424560,1,1,1,31,3,1
1658214868,653165196,1,1,1,6,16,4
1658214805,1074390359,1,1,1,4,20,4
1658214788,2002864789,1,1,1,6,6,3
1658214539,11146714746,1,1,1,21,5,2
1658214703,11146696292,1,1,1,11,15,4
1658214763,653107480,1,1,1,12,5,4
1658214749,1988517250,1,1,1,13,1,11
1658214527,74864208,1,1,1,26,2,0
1658214611,653166892,1,1,1,15,9,6
1658214830,653106960,1,1,1,4,27,6
1658214853,82468690,1,1,1,52,0,3
1658214850,54000536,1,1,1,1,23,10
1658214611,39565873,1,1,1,26,0,0
1658214812,1074398925,1,1,1,3,8,24
1658214643,12225158518,1,1,1,26,0,1
1658214671,12225289563,1,1,1,24,1,1
1658214661,567884788,1,1,1,0,11,11
1658214828,99950133,1,1,1,45,4,3
1658214622,549480297,1,1,1,0,16,6
1658214745,12196660096,1,1,1,28,0,1
1658214719,653175838,1,1,1,12,0,5
1658214861,84960402,1,1,1,17,17,2
1658214869,2515701705,1,1,1,18,0,1
1658214693,15550433574,1,1,1,28,0,10
1658214381,11218473640,1,1,1,23,1,0
1632509667,54000558,1,0,0,0,0,0
1658214584,653110492,1,1,1,22,5,0
1658214830,102339791,1,1,1,23,1,2
1658214870,52474,1,1,1,20,0,0
1658214833,486750405,1,1,1,18,3,1
1658214844,10773448319,1,1,1,4,8,15
1658214721,11438171152,1,1,1,13,1,8
1658214868,653046369,1,1,1,1,10,15
1658214865,125370566,1,1,1,17,1,0
1658214847,66491396,1,1,1,28,6,15
1658214852,102328355,1,1,1,17,0,3
1658214870,76352106,1,1,1,0,16,14
1658214820,653180903,1,1,1,22,10,3
1658214863,101015227,1,1,1,0,25,8
1658214738,74805344,1,1,1,8,7,15
1658214783,78124875,1,1,1,55,0,0
1658214817,54000578,1,1,1,30,0,1
1658214582,102724418,1,1,1,6,15,3
1658214843,102287315,1,1,1,10,28,5
1658214860,42950428,1,1,1,26,15,9
1658214850,100921894,1,1,1,12,4,1
1658214869,82429586,1,1,1,20,19,0
1658214651,37995,1,1,1,25,21,2
1658214843,653193536,1,1,1,14,2,4
1658214802,54000589,1,1,1,66,0,1
1658214735,74692052,1,1,1,33,0,0
1658214686,35080917,1,1,1,28,1,0
1658214749,89553051,1,1,1,15,3,2
1658214828,11218807773,1,1,1,11,30,3
1658214846,101759167,1,1,1,30,13,2
1658212936,37420,1,1,1,17,0,0
1658214861,27363058,1,1,1,22,0,1
1658214734,66491390,1,1,1,7,16,16
1658214820,653114003,1,1,1,17,4,4
1658214680,27363206,1,1,1,22,4,1
1658214294,54000591,1,1,1,29,5,3
1658214816,49791363,1,1,1,22,4,3
1658214808,7402,1,1,1,10,2,4
1658214848,75352635,1,1,1,8,9,8
1658214801,34836174,1,1,1,24,3,4
1658214763,6354,1,1,1,2,25,5
1628239218,16206842336,0,0,0,0,0,0
1658214836,101022698,1,1,1,0,25,10
1658214825,27415194,1,1,1,35,1,0
1658214524,54000624,1,1,1,18,1,1
1658214840,653114443,1,1,1,3,13,4
1658214849,74635382,1,1,1,18,15,2
1658214796,653190196,1,1,1,22,12,1
1658214674,27363156,1,1,1,19,1,1
1658214818,39776330,1,1,1,16,1,0
1658214697,54000594,1,1,1,25,1,1
1658214705,66491373,1,1,1,5,9,3
1658214796,66491409,1,1,1,17,0,3
1658214386,82583924,1,1,1,26,1,1
1658214607,124183944,1,1,1,47,3,2
1658214844,27363389,1,1,1,9,14,2
1658214847,653184632,1,1,1,31,1,1
1658214815,102751453,1,1,1,24,1,2
1628171945,16206691682,0,0,0,0,0,0
1658214871,35263507,1,1,1,7,13,3
1658214530,58086242,1,1,1,9,1,1
1658214830,82440673,1,1,1,49,0,1
1658214823,27399547,1,1,1,12,8,2
1658214723,54000610,1,1,1,57,8,2
1658214554,13356269,1,1,1,1,14,16
1658214659,54000583,1,1,1,33,0,1
1658214802,63279,1,1,1,9,6,1
1658214445,125918662,1,1,1,17,1,3
1658214371,15163771,1,1,1,21,7,1
1658214815,82571023,1,1,1,43,0,2
1658214861,100893610,1,1,1,13,37,7
1658214634,27363205,1,1,1,34,1,0
1658214565,653197206,1,1,1,5,8,11
1658214827,27415256,1,1,1,19,9,3
1658214872,101488317,1,1,1,30,0,2
1658214542,6497,1,1,1,19,0,1
1658214858,653118283,1,1,1,14,3,8
1658214847,117480156,1,1,1,6,18,16
1658214749,124167835,1,1,1,16,0,2
1658214599,74858883,1,1,1,29,2,1
1658214807,66491384,1,1,1,26,7,0
1658214861,102748267,1,1,1,21,0,2
1658214862,28233012,1,1,1,5,16,8
1658214589,27415371,1,1,1,35,0,0
1658214796,49829553,1,1,1,28,2,0
1658214872,128884445,1,1,1,5,35,23
1658214859,37848502,1,1,1,10,6,7
1658214848,54000552,1,1,1,3,23,4
1658214796,102752610,1,1,1,24,0,2
1658214750,82335295,1,1,1,22,3,3
1658214485,66491382,1,1,1,36,0,0
1658214827,124176568,1,1,1,14,1,1
1658214812,39882420,1,1,1,20,1,1
1658214779,27415360,1,1,1,6,9,3
1658214571,82588494,1,1,1,28,0,0
1658214291,125542925,1,1,1,35,1,1
1658214702,54000547,1,1,1,31,3,1
1658214766,82425449,1,1,1,49,2,0
1658214741,7234,1,1,1,1,23,5
1658214697,85160045,1,1,1,18,4,4
1658214364,35816213,1,1,1,32,0,1
1658214870,82408364,1,1,1,33,1,4
1658214560,653190279,1,1,1,4,15,0
1658214595,82551956,1,1,1,19,10,3
1658214850,66491372,1,1,1,10,29,20
1658214769,82413301,1,1,1,31,2,2
1658214770,80077998,1,1,1,11,1,3
1658214753,13248144,1,1,1,32,1,1
1658214860,54000568,1,1,1,45,1,2
1658214865,39311270,1,1,1,25,2,6
1658214794,54000631,1,1,1,14,5,4
1658214750,99840124,1,1,1,34,9,3
1658214855,54000623,1,1,1,26,0,0
1658214718,653121023,1,1,1,2,12,10
1658214526,76507850,1,1,1,27,4,2
1658214679,101010226,1,1,1,61,2,0
1658214769,653194214,1,1,1,13,5,1
1658214760,11375742,1,1,1,24,0,0
1658214845,27415083,1,1,1,46,5,1
1658214850,27415333,1,1,1,54,2,0
1658214866,66491369,1,1,1,43,2,4
1658214866,27363397,1,1,1,18,0,1
1658214680,39878420,1,1,1,18,1,1
1658214872,27363504,1,1,1,27,1,1
1658214858,27414932,1,1,1,33,2,3
1658214783,14623073464,1,1,1,28,11,7
1658214825,82588656,1,1,1,38,8,6
1658214832,35471668,1,1,1,28,1,1
1658214834,27415500,1,1,1,25,1,0
1658214869,11580442,1,1,1,15,0,1
1658214865,99798962,1,1,1,14,20,1
1658214857,66507230,1,1,1,10,9,2
1658214841,125881065,1,1,1,30,1,1
1658214849,54000627,1,1,1,13,6,3
1658214763,121086415,1,1,1,11,9,4
1658214824,84961467,1,1,1,47,3,4
1658214555,54000629,1,1,1,23,9,4
1658214498,27415004,1,1,1,36,1,0
1658214812,27415128,1,1,1,5,12,3
1658214675,27414937,1,1,1,38,0,0
1658214862,42588096,1,1,1,27,0,1
1658214871,100227241,1,1,1,33,2,1
1658214844,2254322638,1,1,1,24,0,0
1658214859,15377776,1,1,1,22,8,5
1658214859,70736110,1,1,1,31,1,0
1627636430,16210188070,0,0,0,0,0,0
1627545043,16210512714,0,0,0,0,0,0
1658214865,11063317380,1,1,1,9,9,0
1658214863,121160813,1,1,1,24,1,3
1658214655,66491388,1,1,1,6,16,10
1650555662,16043228469,0,0,0,0,0,0
1650556299,16043282800,0,0,0,0,0,0
1658214827,15189890802,1,1,1,23,0,1
1658214774,16043242148,1,1,1,15,7,5
1658214845,16043316164,1,1,1,22,2,3
1658214794,54000628,1,1,1,0,39,17
1658214859,15187848239,1,1,1,13,16,1
1658214847,129095489,1,1,1,27,0,0
1658214822,1057383154,1,1,1,4,40,5
1658214477,218903767,1,1,1,55,4,2
1658214871,37647,1,1,1,24,1,0
1658214641,523900881,1,1,1,50,2,3
1658214858,54000555,1,1,1,1,18,13
1658003859,54000621,1,0,0,56,0,0
1658214544,214097180,1,1,1,6,11,4
1658214872,54000556,1,1,1,21,1,3
1658214784,2515618216,1,1,1,14,11,2
1658214869,1057387136,1,1,1,6,16,7
1658214736,11908488283,1,1,1,18,6,1
1658214656,85123644,1,1,1,25,0,1
1658214824,100863462,1,1,1,19,34,8
1658214711,253357936,1,1,1,27,28,2
1658214709,42517412,1,1,1,22,0,2
1658214698,54000551,1,1,1,2,1,14
1593435140,213699079,1,0,0,67,0,0
1658214334,10647548670,1,1,1,19,0,1
1658214770,15066765479,1,1,1,11,14,11
1658214765,10647608657,1,1,1,9,16,4
1658214793,213676294,1,1,1,1,17,3
1658214812,95073815,1,1,1,8,14,15
1558939179,16134135570,0,0,0,0,0,0
1658214872,16134083337,0,0,0,30,0,0
1658214320,11266280626,1,1,1,30,1,1
1658214788,49039283,1,1,1,18,0,0
1658214873,35642049,1,1,1,5,3,3
1658214864,11851012506,1,1,1,1,22,12
1627456205,16379269732,0,0,0,0,0,0
1658214811,27033125,1,1,1,13,0,2
1658214857,13341879803,1,1,1,3,14,7
1658214858,1074347188,1,1,1,9,11,0
1658214719,2515774908,1,1,1,22,0,1
1658214865,84986959,1,1,1,47,10,4
1658214780,11851103861,1,1,1,21,1,3
1658214802,12806084887,1,1,1,19,5,20
1658214624,123546861,1,1,1,24,0,1
1658214847,12943772652,1,1,1,22,5,2
1658214670,12948189248,1,1,1,20,3,7
1658214834,15826185972,1,1,1,14,1,1
1658214837,82423726,1,1,1,33,29,5
1658214866,252301607,1,1,1,1,12,8
1658214430,12959947458,1,1,1,19,0,4
1658214866,34742973,1,1,1,1,28,11
1658214779,210581084,1,1,1,23,14,7
1658214864,101013666,1,1,1,1,45,18
1658214776,11437761399,1,1,1,31,1,0
1658214844,11438116799,1,1,1,18,15,7
1658214860,11437961617,1,1,1,13,8,4
1658214866,11438049493,1,1,1,2,18,10
1658214850,11437651826,1,1,1,26,2,1
1658214714,11004720021,1,1,1,19,8,0
1658214719,102335085,1,1,1,6,25,3
1653472786,11437706131,0,0,0,26,0,0
1658214405,13373712848,1,1,1,23,0,1
1658214816,13373848216,1,1,1,2,2,21
1658214529,13373801574,1,1,1,14,1,10
1658214715,13373758036,1,1,1,21,0,7
1658214842,129026597,1,1,1,1,13,9
1658214809,1062807847,1,1,1,6,24,6
1658214745,478732841,1,1,1,13,2,1
1658214835,82402482,1,1,1,53,1,2
1658214452,129088667,1,1,1,35,2,2
1658214799,54000604,1,1,1,32,0,2
1658214848,43247738,1,1,1,34,0,1
1658214873,102311820,1,1,1,34,0,1
1658214834,394404659,1,1,1,33,6,5
1658214872,516395829,1,1,1,8,2,2
1658214832,368766689,1,1,1,2,21,6
1658214867,315022587,1,1,1,5,33,33
